1 1 141.819
1 10 140.969
1 11 140.968
1 12 140.965
1 13 140.969
1 14 140.963
1 15 140.96
1 16 140.958
1 17 140.961
1 18 140.957
1 19 140.959
1 2 141.401
1 20 140.951
1 21 140.952
1 22 140.95
1 23 140.946
1 24 140.95
1 25 140.944
1 26 140.947
1 27 140.945
1 28 140.937
1 29 140.938
1 3 141.204
1 30 140.948
1 4 141.097
1 5 141.034
1 6 141.009
1 7 140.989
1 8 140.978
1 9 140.974
0 1 144.333
0 10 136.32
0 11 136.171
0 12 136.073
0 13 136.005
0 14 135.968
0 15 135.946
0 16 135.939
0 17 135.929
0 18 135.918
0 19 135.895
0 2 142.23
0 20 135.875
0 21 135.841
0 22 135.808
0 23 135.771
0 24 135.744
0 25 135.71
0 26 135.687
0 27 135.669
0 28 135.642
0 29 135.626
0 3 140.59
0 30 135.619
0 4 139.327
0 5 138.398
0 6 137.717
0 7 137.2
0 8 136.82
0 9 136.531
