1 1 19941 3 12.01e-2 0.31e-2 87.85e-2 0.94e-2 0.1031e-2 0.0003e-2
1 2 21623 28 11.91e-2 0.13e-2 88e-2 0.93e-2 0 0
1 3 3697 18.485 0.080545761 0 0.59984818 0 0 0
2 1 19967 3 11.97e-2 0.38e-2 87.91e-2 0.91e-2 0.1029e-2 0.0006e-2
2 2 21570 28 11.98e-2 0.12e-2 88.09e-2 0.92e-2 0 0
2 3 3731 18.655 0.080545761 0 0.59984818 0 0 0
3 1 19891 4 11.95e-2 0.14e-2 88.02e-2 0.92e-2 0.1032e-2 0.0009e-2
3 2 21637 24 11.89e-2 0.13e-2 88.16e-2 0.92e-2 0 0
3 3 3664 18.320 0.080545761 0 0.59984818 0 0 0
4 1 19944 5 11.95e-2 0.13e-2 87.9e-2 0.92e-2 0.1034e-2 0.0005e-2
4 2 21500 24 11.93e-2 0.13e-2 88.08e-2 0.88e-2 0 0
4 3 3749 18.745 0.080545761 0 0.59984818 0 0 0
5 1 19917 4 12e-2 0.13e-2 87.97e-2 0.92e-2 0.1034e-2 0.0009e-2
5 2 21616 24 11.96e-2 0.13e-2 88.23e-2 0.92e-2 0 0
5 3 3744 18.72 0.080545761 0 0.59984818 0 0 0
6 1 19989 3 11.97e-2 0.13e-2 88.05e-2 0.93e-2 0.1031e-2 0.0009e-2
6 2 21459 28 11.97e-2 0.13e-2 87.9e-2 0.92e-2 0 0
6 3 3864 19.32 0.080545761 0 0.59984818 0 0 0
7 1 19892 3 12.04e-2 0.43e-2 87.86e-2 0.95e-2 0.1029e-2 0.0009e-2
7 2 21702 28 12.02e-2 0.13e-2 88.14e-2 0.92e-2 0 0
7 3 3844 19.22 0.080545761 0 0.59984818 0 0 0
8 1 19931 3 11.98e-2 0.16e-2 87.81e-2 0.95e-2 0.1020e-2 0.0010e-2
8 2 21524 24 11.95e-2 0.13e-2 88.09e-2 0.93e-2 0 0
8 3 3794 18.97 0.080545761 0 0.59984818 0 0 0
