GD-155N,G    1.0000+00* JEF-2.2                                    6455 3102
                                                                   6455 3102
 6.41550+04 1.5359E+02          0         99          0          0 6455 3102
 3.0000E+02 8.5409E+06          0          0          1       1282 6455 3102
       1282          2                                             6455 3102
 1.0000E-05 0.0000E+00 1.0000E-05 9.9700E+05 1.0500E-04 9.9700E+05 6455 3102
 1.0500E-04 7.5478E+05 1.1000E-04 7.5478E+05 1.1000E-04 7.3827E+05 6455 3102
 1.1500E-04 7.3827E+05 1.1500E-04 7.2225E+05 1.2000E-04 7.2225E+05 6455 3102
 1.2000E-04 7.0396E+05 1.2750E-04 7.0396E+05 1.2750E-04 6.8351E+05 6455 3102
 1.3500E-04 6.8351E+05 1.3500E-04 6.6522E+05 1.4250E-04 6.6522E+05 6455 3102
 1.4250E-04 6.4783E+05 1.5000E-04 6.4783E+05 1.5000E-04 6.2942E+05 6455 3102
 1.6000E-04 6.2942E+05 1.6000E-04 6.1019E+05 1.7000E-04 6.1019E+05 6455 3102
 1.7000E-04 5.9257E+05 1.8000E-04 5.9257E+05 1.8000E-04 5.7649E+05 6455 3102
 1.9000E-04 5.7649E+05 1.9000E-04 5.6180E+05 2.0000E-04 5.6180E+05 6455 3102
 2.0000E-04 5.4797E+05 2.1000E-04 5.4797E+05 2.1000E-04 5.3549E+05 6455 3102
 2.2000E-04 5.3549E+05 2.2000E-04 5.2313E+05 2.3000E-04 5.2313E+05 6455 3102
 2.3000E-04 5.1205E+05 2.4000E-04 5.1205E+05 2.4000E-04 4.9889E+05 6455 3102
 2.5500E-04 4.9889E+05 2.5500E-04 4.8469E+05 2.7000E-04 4.8469E+05 6455 3102
 2.7000E-04 4.7371E+05 2.8000E-04 4.7371E+05 2.8000E-04 4.6135E+05 6455 3102
 3.0000E-04 4.6135E+05 3.0000E-04 4.4633E+05 3.2000E-04 4.4633E+05 6455 3102
 3.2000E-04 4.3271E+05 3.4000E-04 4.3271E+05 3.4000E-04 4.2031E+05 6455 3102
 3.6000E-04 4.2031E+05 3.6000E-04 4.0912E+05 3.8000E-04 4.0912E+05 6455 3102
 3.8000E-04 3.9843E+05 4.0000E-04 3.9843E+05 4.0000E-04 3.8758E+05 6455 3102
 4.2500E-04 3.8758E+05 4.2500E-04 3.7647E+05 4.5000E-04 3.7647E+05 6455 3102
 4.5000E-04 3.6621E+05 4.7500E-04 3.6621E+05 4.7500E-04 3.5685E+05 6455 3102
 5.0000E-04 3.5685E+05 5.0000E-04 3.4826E+05 5.2500E-04 3.4826E+05 6455 3102
 5.2500E-04 3.4027E+05 5.5000E-04 3.4027E+05 5.5000E-04 3.3266E+05 6455 3102
 5.7500E-04 3.3266E+05 5.7500E-04 3.2568E+05 6.0000E-04 3.2568E+05 6455 3102
 6.0000E-04 3.1839E+05 6.3000E-04 3.1839E+05 6.3000E-04 3.1102E+05 6455 3102
 6.6000E-04 3.1102E+05 6.6000E-04 3.0421E+05 6.9000E-04 3.0421E+05 6455 3102
 6.9000E-04 2.9775E+05 7.2000E-04 2.9775E+05 7.2000E-04 2.9093E+05 6455 3102
 7.6000E-04 2.9093E+05 7.6000E-04 2.8334E+05 8.0000E-04 2.8334E+05 6455 3102
 8.0000E-04 2.7659E+05 8.4000E-04 2.7659E+05 8.4000E-04 2.7021E+05 6455 3102
 8.8000E-04 2.7021E+05 8.8000E-04 2.6432E+05 9.2000E-04 2.6432E+05 6455 3102
 9.2000E-04 2.5871E+05 9.6000E-04 2.5871E+05 9.6000E-04 2.5350E+05 6455 3102
 1.0000E-03 2.5350E+05 1.0000E-03 2.4814E+05 1.0500E-03 2.4814E+05 6455 3102
 1.0500E-03 2.4244E+05 1.1000E-03 2.4244E+05 1.1000E-03 2.3717E+05 6455 3102
 1.1500E-03 2.3717E+05 1.1500E-03 2.3220E+05 1.2000E-03 2.3220E+05 6455 3102
 1.2000E-03 2.2648E+05 1.2750E-03 2.2648E+05 1.2750E-03 2.2011E+05 6455 3102
 1.3500E-03 2.2011E+05 1.3500E-03 2.1429E+05 1.4250E-03 2.1429E+05 6455 3102
 1.4250E-03 2.0906E+05 1.5000E-03 2.0906E+05 1.5000E-03 2.0318E+05 6455 3102
 1.6000E-03 2.0318E+05 1.6000E-03 1.9729E+05 1.7000E-03 1.9729E+05 6455 3102
 1.7000E-03 1.9179E+05 1.8000E-03 1.9179E+05 1.8000E-03 1.8680E+05 6455 3102
 1.9000E-03 1.8680E+05 1.9000E-03 1.8216E+05 2.0000E-03 1.8216E+05 6455 3102
 2.0000E-03 1.7799E+05 2.1000E-03 1.7799E+05 2.1000E-03 1.7400E+05 6455 3102
 2.2000E-03 1.7400E+05 2.2000E-03 1.7035E+05 2.3000E-03 1.7035E+05 6455 3102
 2.3000E-03 1.6687E+05 2.4000E-03 1.6687E+05 2.4000E-03 1.6291E+05 6455 3102
 2.5500E-03 1.6291E+05 2.5500E-03 1.5848E+05 2.7000E-03 1.5848E+05 6455 3102
 2.7000E-03 1.5508E+05 2.8000E-03 1.5508E+05 2.8000E-03 1.5141E+05 6455 3102
 3.0000E-03 1.5141E+05 3.0000E-03 1.4675E+05 3.2000E-03 1.4675E+05 6455 3102
 3.2000E-03 1.4267E+05 3.4000E-03 1.4267E+05 3.4000E-03 1.3886E+05 6455 3102
 3.6000E-03 1.3886E+05 3.6000E-03 1.3542E+05 3.8000E-03 1.3542E+05 6455 3102
 3.8000E-03 1.3222E+05 4.0000E-03 1.3222E+05 4.0000E-03 1.2901E+05 6455 3102
 4.2500E-03 1.2901E+05 4.2500E-03 1.2563E+05 4.5000E-03 1.2563E+05 6455 3102
 4.5000E-03 1.2260E+05 4.7500E-03 1.2260E+05 4.7500E-03 1.1978E+05 6455 3102
 5.0000E-03 1.1978E+05 5.0000E-03 1.1717E+05 5.2500E-03 1.1717E+05 6455 3102
 5.2500E-03 1.1479E+05 5.5000E-03 1.1479E+05 5.5000E-03 1.1256E+05 6455 3102
 5.7500E-03 1.1256E+05 5.7500E-03 1.1053E+05 6.0000E-03 1.1053E+05 6455 3102
 6.0000E-03 1.0834E+05 6.3000E-03 1.0834E+05 6.3000E-03 1.0625E+05 6455 3102
 6.6000E-03 1.0625E+05 6.6000E-03 1.0420E+05 6.9000E-03 1.0420E+05 6455 3102
 6.9000E-03 1.0229E+05 7.2000E-03 1.0229E+05 7.2000E-03 1.0028E+05 6455 3102
 7.6000E-03 1.0028E+05 7.6000E-03 9.8086E+04 8.0000E-03 9.8086E+04 6455 3102
 8.0000E-03 9.6155E+04 8.4000E-03 9.6155E+04 8.4000E-03 9.4245E+04 6455 3102
 8.8000E-03 9.4245E+04 8.8000E-03 9.2533E+04 9.2000E-03 9.2533E+04 6455 3102
 9.2000E-03 9.0903E+04 9.6000E-03 9.0903E+04 9.6000E-03 8.9399E+04 6455 3102
 1.0000E-02 8.9399E+04 1.0000E-02 8.7808E+04 1.0500E-02 8.7808E+04 6455 3102
 1.0500E-02 8.6160E+04 1.1000E-02 8.6160E+04 1.1000E-02 8.4653E+04 6455 3102
 1.1500E-02 8.4653E+04 1.1500E-02 8.3252E+04 1.2000E-02 8.3252E+04 6455 3102
 1.2000E-02 8.1537E+04 1.2750E-02 8.1537E+04 1.2750E-02 7.9739E+04 6455 3102
 1.3500E-02 7.9739E+04 1.3500E-02 7.8022E+04 1.4250E-02 7.8022E+04 6455 3102
 1.4250E-02 7.6434E+04 1.5000E-02 7.6434E+04 1.5000E-02 7.4715E+04 6455 3102
 1.6000E-02 7.4715E+04 1.6000E-02 7.2910E+04 1.7000E-02 7.2910E+04 6455 3102
 1.7000E-02 7.1213E+04 1.8000E-02 7.1213E+04 1.8000E-02 6.9647E+04 6455 3102
 1.9000E-02 6.9647E+04 1.9000E-02 6.8180E+04 2.0000E-02 6.8180E+04 6455 3102
 2.0000E-02 6.6786E+04 2.1000E-02 6.6786E+04 2.1000E-02 6.5426E+04 6455 3102
 2.2000E-02 6.5426E+04 2.2000E-02 6.4188E+04 2.3000E-02 6.4188E+04 6455 3102
 2.3000E-02 6.2958E+04 2.4000E-02 6.2958E+04 2.4000E-02 6.1420E+04 6455 3102
 2.5500E-02 6.1420E+04 2.5500E-02 5.9661E+04 2.7000E-02 5.9661E+04 6455 3102
 2.7000E-02 5.8272E+04 2.8000E-02 5.8272E+04 2.8000E-02 5.6642E+04 6455 3102
 3.0000E-02 5.6642E+04 3.0000E-02 5.4506E+04 3.2000E-02 5.4506E+04 6455 3102
 3.2000E-02 5.2430E+04 3.4000E-02 5.2430E+04 3.4000E-02 5.0404E+04 6455 3102
 3.6000E-02 5.0404E+04 3.6000E-02 4.8406E+04 3.8000E-02 4.8406E+04 6455 3102
 3.8000E-02 4.6457E+04 4.0000E-02 4.6457E+04 4.0000E-02 4.4304E+04 6455 3102
 4.2500E-02 4.4304E+04 4.2500E-02 4.1968E+04 4.5000E-02 4.1968E+04 6455 3102
 4.5000E-02 3.9700E+04 4.7500E-02 3.9700E+04 4.7500E-02 3.7508E+04 6455 3102
 5.0000E-02 3.7508E+04 5.0000E-02 3.5386E+04 5.2500E-02 3.5386E+04 6455 3102
 5.2500E-02 3.3350E+04 5.5000E-02 3.3350E+04 5.5000E-02 3.1406E+04 6455 3102
 5.7500E-02 3.1406E+04 5.7500E-02 2.9554E+04 6.0000E-02 2.9554E+04 6455 3102
 6.0000E-02 2.7622E+04 6.3000E-02 2.7622E+04 6.3000E-02 2.5642E+04 6455 3102
 6.6000E-02 2.5642E+04 6.6000E-02 2.3795E+04 6.9000E-02 2.3795E+04 6455 3102
 6.9000E-02 2.2079E+04 7.2000E-02 2.2079E+04 7.2000E-02 2.0248E+04 6455 3102
 7.6000E-02 2.0248E+04 7.6000E-02 1.8336E+04 8.0000E-02 1.8336E+04 6455 3102
 8.0000E-02 1.6612E+04 8.4000E-02 1.6612E+04 8.4000E-02 1.5074E+04 6455 3102
 8.8000E-02 1.5074E+04 8.8000E-02 1.3701E+04 9.2000E-02 1.3701E+04 6455 3102
 9.2000E-02 1.2474E+04 9.6000E-02 1.2474E+04 9.6000E-02 1.1377E+04 6455 3102
 1.0000E-01 1.1377E+04 1.0000E-01 1.0290E+04 1.0500E-01 1.0290E+04 6455 3102
 1.0500E-01 9.2245E+03 1.1000E-01 9.2245E+03 1.1000E-01 8.2932E+03 6455 3102
 1.1500E-01 8.2932E+03 1.1500E-01 7.4777E+03 1.2000E-01 7.4777E+03 6455 3102
 1.2000E-01 6.6109E+03 1.2750E-01 6.6109E+03 1.2750E-01 5.7219E+03 6455 3102
 1.3500E-01 5.7219E+03 1.3500E-01 4.9836E+03 1.4250E-01 4.9836E+03 6455 3102
 1.4250E-01 4.3670E+03 1.5000E-01 4.3670E+03 1.5000E-01 3.7798E+03 6455 3102
 1.6000E-01 3.7798E+03 1.6000E-01 3.2231E+03 1.7000E-01 3.2231E+03 6455 3102
 1.7000E-01 2.7721E+03 1.8000E-01 2.7721E+03 1.8000E-01 2.4034E+03 6455 3102
 1.9000E-01 2.4034E+03 1.9000E-01 2.0988E+03 2.0000E-01 2.0988E+03 6455 3102
 2.0000E-01 1.8450E+03 2.1000E-01 1.8450E+03 2.1000E-01 1.6320E+03 6455 3102
 2.2000E-01 1.6320E+03 2.2000E-01 1.4518E+03 2.3000E-01 1.4518E+03 6455 3102
 2.3000E-01 1.2981E+03 2.4000E-01 1.2981E+03 2.4000E-01 1.1419E+03 6455 3102
 2.5500E-01 1.1419E+03 2.5500E-01 9.8251E+02 2.7000E-01 9.8251E+02 6455 3102
 2.7000E-01 8.6878E+02 2.8000E-01 8.6878E+02 2.8000E-01 7.6601E+02 6455 3102
 3.0000E-01 7.6601E+02 3.0000E-01 6.4668E+02 3.2000E-01 6.4668E+02 6455 3102
 3.2000E-01 5.5242E+02 3.4000E-01 5.5242E+02 3.4000E-01 4.7690E+02 6455 3102
 3.6000E-01 4.7690E+02 3.6000E-01 4.1557E+02 3.8000E-01 4.1557E+02 6455 3102
 3.8000E-01 3.6520E+02 4.0000E-01 3.6520E+02 4.0000E-01 3.1893E+02 6455 3102
 4.2500E-01 3.1893E+02 4.2500E-01 2.7531E+02 4.5000E-01 2.7531E+02 6455 3102
 4.5000E-01 2.4157E+02 4.7500E-01 2.4157E+02 4.7500E-01 2.1399E+02 6455 3102
 5.0000E-01 2.1399E+02 5.0000E-01 1.9096E+02 5.2500E-01 1.9096E+02 6455 3102
 5.2500E-01 1.7169E+02 5.5000E-01 1.7169E+02 5.5000E-01 1.5543E+02 6455 3102
 5.7500E-01 1.5543E+02 5.7500E-01 1.4161E+02 6.0000E-01 1.4161E+02 6455 3102
 6.0000E-01 1.2878E+02 6.3000E-01 1.2878E+02 6.3000E-01 1.1694E+02 6455 3102
 6.6000E-01 1.1694E+02 6.6000E-01 1.0700E+02 6.9000E-01 1.0700E+02 6455 3102
 6.9000E-01 9.8606E+01 7.2000E-01 9.8606E+01 7.2000E-01 9.0449E+01 6455 3102
 7.6000E-01 9.0449E+01 7.6000E-01 8.2753E+01 8.0000E-01 8.2753E+01 6455 3102
 8.0000E-01 7.6557E+01 8.4000E-01 7.6557E+01 8.4000E-01 7.1489E+01 6455 3102
 8.8000E-01 7.1489E+01 8.8000E-01 6.7374E+01 9.2000E-01 6.7374E+01 6455 3102
 9.2000E-01 6.4044E+01 9.6000E-01 6.4044E+01 9.6000E-01 6.1413E+01 6455 3102
 1.0000E+00 6.1413E+01 1.0000E+00 5.9164E+01 1.0500E+00 5.9164E+01 6455 3102
 1.0500E+00 5.7416E+01 1.1000E+00 5.7416E+01 1.1000E+00 5.6379E+01 6455 3102
 1.1500E+00 5.6379E+01 1.1500E+00 5.6009E+01 1.2000E+00 5.6009E+01 6455 3102
 1.2000E+00 5.6488E+01 1.2750E+00 5.6488E+01 1.2750E+00 5.8389E+01 6455 3102
 1.3500E+00 5.8389E+01 1.3500E+00 6.2008E+01 1.4250E+00 6.2008E+01 6455 3102
 1.4250E+00 6.7807E+01 1.5000E+00 6.7807E+01 1.5000E+00 7.8689E+01 6455 3102
 1.6000E+00 7.8689E+01 1.6000E+00 1.0082E+02 1.7000E+00 1.0082E+02 6455 3102
 1.7000E+00 1.4830E+02 1.8000E+00 1.4830E+02 1.8000E+00 2.9564E+02 6455 3102
 1.9000E+00 2.9564E+02 1.9000E+00 9.7736E+02 2.0000E+00 9.7736E+02 6455 3102
 2.0000E+00 1.1558E+03 2.1000E+00 1.1558E+03 2.1000E+00 4.5416E+02 6455 3102
 2.2000E+00 4.5416E+02 2.2000E+00 4.2157E+02 2.3000E+00 4.2157E+02 6455 3102
 2.3000E+00 7.4628E+02 2.4000E+00 7.4628E+02 2.4000E+00 3.5742E+03 6455 3102
 2.5500E+00 3.5742E+03 2.5500E+00 5.1021E+03 2.7000E+00 5.1021E+03 6455 3102
 2.7000E+00 9.6276E+02 2.8000E+00 9.6276E+02 2.8000E+00 3.0329E+02 6455 3102
 3.0000E+00 3.0329E+02 3.0000E+00 1.1403E+02 3.2000E+00 1.1403E+02 6455 3102
 3.2000E+00 6.4235E+01 3.4000E+00 6.4235E+01 3.4000E+00 7.0293E+01 6455 3102
 3.6000E+00 7.0293E+01 3.6000E+00 6.9962E+01 3.8000E+00 6.9962E+01 6455 3102
 3.8000E+00 2.6503E+01 4.0000E+00 2.6503E+01 4.0000E+00 1.8928E+01 6455 3102
 4.2500E+00 1.8928E+01 4.2500E+00 1.5926E+01 4.5000E+00 1.5926E+01 6455 3102
 4.5000E+00 1.5072E+01 4.7500E+00 1.5072E+01 4.7500E+00 1.5828E+01 6455 3102
 5.0000E+00 1.5828E+01 5.0000E+00 1.8597E+01 5.2500E+00 1.8597E+01 6455 3102
 5.2500E+00 2.5076E+01 5.5000E+00 2.5076E+01 5.5000E+00 4.1302E+01 6455 3102
 5.7500E+00 4.1302E+01 5.7500E+00 9.9326E+01 6.0000E+00 9.9326E+01 6455 3102
 6.0000E+00 1.2321E+03 6.3000E+00 1.2321E+03 6.3000E+00 1.2454E+03 6455 3102
 6.6000E+00 1.2454E+03 6.6000E+00 9.2043E+01 6.9000E+00 9.2043E+01 6455 3102
 6.9000E+00 4.5526E+01 7.2000E+00 4.5526E+01 7.2000E+00 1.1188E+02 6455 3102
 7.6000E+00 1.1188E+02 7.6000E+00 7.2846E+02 8.0000E+00 7.2846E+02 6455 3102
 8.0000E+00 5.3383E+01 8.4000E+00 5.3383E+01 8.4000E+00 1.5775E+01 6455 3102
 8.8000E+00 1.5775E+01 8.8000E+00 9.6221E+00 9.2000E+00 9.6221E+00 6455 3102
 9.2000E+00 9.0420E+00 9.6000E+00 9.0420E+00 9.6000E+00 5.1757E+01 6455 3102
 1.0000E+01 5.1757E+01 1.0000E+01 5.8165E+01 1.0500E+01 5.8165E+01 6455 3102
 1.0500E+01 1.0593E+01 1.1000E+01 1.0593E+01 1.1000E+01 7.7940E+01 6455 3102
 1.1500E+01 7.7940E+01 1.1500E+01 3.2185E+02 1.2000E+01 3.2185E+02 6455 3102
 1.2000E+01 1.4326E+02 1.2750E+01 1.4326E+02 1.2750E+01 9.1745E+00 6455 3102
 1.3500E+01 9.1745E+00 1.3500E+01 2.8374E+01 1.4250E+01 2.8374E+01 6455 3102
 1.4250E+01 4.3181E+02 1.5000E+01 4.3181E+02 1.5000E+01 1.0753E+01 6455 3102
 1.6000E+01 1.0753E+01 1.6000E+01 5.9118E+00 1.7000E+01 5.9118E+00 6455 3102
 1.7000E+01 5.6522E+01 1.8000E+01 5.6522E+01 1.8000E+01 1.6495E+01 6455 3102
 1.9000E+01 1.6495E+01 1.9000E+01 3.6316E+02 2.0000E+01 3.6316E+02 6455 3102
 2.0000E+01 8.1161E+02 2.1000E+01 8.1161E+02 2.1000E+01 8.9534E+02 6455 3102
 2.2000E+01 8.9534E+02 2.2000E+01 2.6474E+01 2.3000E+01 2.6474E+01 6455 3102
 2.3000E+01 2.9819E+02 2.4000E+01 2.9819E+02 2.4000E+01 1.9046E+01 6455 3102
 2.5500E+01 1.9046E+01 2.5500E+01 6.1940E+00 2.7000E+01 6.1940E+00 6455 3102
 2.7000E+01 6.4213E+01 2.8000E+01 6.4213E+01 2.8000E+01 2.4517E+02 6455 3102
 3.0000E+01 2.4517E+02 3.0000E+01 3.3199E+02 3.2000E+01 3.3199E+02 6455 3102
 3.2000E+01 9.3830E+01 3.4000E+01 9.3830E+01 3.4000E+01 1.8822E+02 6455 3102
 3.6000E+01 1.8822E+02 3.6000E+01 9.6985E+01 3.8000E+01 9.6985E+01 6455 3102
 3.8000E+01 3.6990E+01 4.0000E+01 3.6990E+01 4.0000E+01 4.5676E+00 6455 3102
 4.2500E+01 4.5676E+00 4.2500E+01 2.0365E+02 4.5000E+01 2.0365E+02 6455 3102
 4.5000E+01 1.5641E+02 4.7500E+01 1.5641E+02 4.7500E+01 1.3924E+01 6455 3102
 5.0000E+01 1.3924E+01 5.0000E+01 3.5508E+02 5.2500E+01 3.5508E+02 6455 3102
 5.2500E+01 1.7954E+02 5.5000E+01 1.7954E+02 5.5000E+01 4.4707E+01 6455 3102
 5.7500E+01 4.4707E+01 5.7500E+01 1.0577E+02 6.0000E+01 1.0577E+02 6455 3102
 6.0000E+01 7.1062E+01 6.3000E+01 7.1062E+01 6.3000E+01 5.3905E+01 6455 3102
 6.6000E+01 5.3905E+01 6.6000E+01 6.2875E+00 6.9000E+01 6.2875E+00 6455 3102
 6.9000E+01 7.1534E+01 7.2000E+01 7.1534E+01 7.2000E+01 1.3885E+00 6455 3102
 7.6000E+01 1.3885E+00 7.6000E+01 5.0542E+01 8.0000E+01 5.0542E+01 6455 3102
 8.0000E+01 1.7199E+01 8.4000E+01 1.7199E+01 8.4000E+01 4.4503E+01 6455 3102
 8.8000E+01 4.4503E+01 8.8000E+01 1.0440E+01 9.2000E+01 1.0440E+01 6455 3102
 9.2000E+01 5.7111E+01 9.6000E+01 5.7111E+01 9.6000E+01 9.2223E+01 6455 3102
 1.0000E+02 9.2223E+01 1.0000E+02 4.7623E+01 1.0500E+02 4.7623E+01 6455 3102
 1.0500E+02 5.7625E+01 1.1000E+02 5.7625E+01 1.1000E+02 9.3552E+01 6455 3102
 1.1500E+02 9.3552E+01 1.1500E+02 5.7263E+01 1.2000E+02 5.7263E+01 6455 3102
 1.2000E+02 9.5752E+01 1.2750E+02 9.5752E+01 1.2750E+02 7.7927E+01 6455 3102
 1.3500E+02 7.7927E+01 1.3500E+02 3.8367E+01 1.4250E+02 3.8367E+01 6455 3102
 1.4250E+02 8.9403E+01 1.5000E+02 8.9403E+01 1.5000E+02 5.8002E+01 6455 3102
 1.6000E+02 5.8002E+01 1.6000E+02 5.7624E+01 1.7000E+02 5.7624E+01 6455 3102
 1.7000E+02 7.1329E+01 1.8000E+02 7.1329E+01 1.8000E+02 6.5428E+01 6455 3102
 1.9000E+02 6.5428E+01 1.9000E+02 6.5576E+01 2.0000E+02 6.5576E+01 6455 3102
 2.0000E+02 6.4043E+01 2.1000E+02 6.4043E+01 2.1000E+02 6.2508E+01 6455 3102
 2.2000E+02 6.2508E+01 2.2000E+02 6.0975E+01 2.3000E+02 6.0975E+01 6455 3102
 2.3000E+02 5.9442E+01 2.4000E+02 5.9442E+01 2.4000E+02 5.7531E+01 6455 3102
 2.5500E+02 5.7531E+01 2.5500E+02 5.5231E+01 2.7000E+02 5.5231E+01 6455 3102
 2.7000E+02 5.3307E+01 2.8000E+02 5.3307E+01 2.8000E+02 5.1020E+01 6455 3102
 3.0000E+02 5.1020E+01 3.0000E+02 4.8651E+01 3.2000E+02 4.8651E+01 6455 3102
 3.2000E+02 4.6997E+01 3.4000E+02 4.6997E+01 3.4000E+02 4.5342E+01 6455 3102
 3.6000E+02 4.5342E+01 3.6000E+02 4.3689E+01 3.8000E+02 4.3689E+01 6455 3102
 3.8000E+02 4.2035E+01 4.0000E+02 4.2035E+01 4.0000E+02 4.0519E+01 6455 3102
 4.2500E+02 4.0519E+01 4.2500E+02 3.9141E+01 4.5000E+02 3.9141E+01 6455 3102
 4.5000E+02 3.7763E+01 4.7500E+02 3.7763E+01 4.7500E+02 3.6385E+01 6455 3102
 5.0000E+02 3.6385E+01 5.0000E+02 3.5196E+01 5.2500E+02 3.5196E+01 6455 3102
 5.2500E+02 3.4200E+01 5.5000E+02 3.4200E+01 5.5000E+02 3.3203E+01 6455 3102
 5.7500E+02 3.3203E+01 5.7500E+02 3.2207E+01 6.0000E+02 3.2207E+01 6455 3102
 6.0000E+02 3.1300E+01 6.3000E+02 3.1300E+01 6.3000E+02 3.0482E+01 6455 3102
 6.6000E+02 3.0482E+01 6.6000E+02 2.9665E+01 6.9000E+02 2.9665E+01 6455 3102
 6.9000E+02 2.8846E+01 7.2000E+02 2.8846E+01 7.2000E+02 2.7896E+01 6455 3102
 7.6000E+02 2.7896E+01 7.6000E+02 2.6806E+01 8.0000E+02 2.6806E+01 6455 3102
 8.0000E+02 2.5899E+01 8.4000E+02 2.5899E+01 8.4000E+02 2.5178E+01 6455 3102
 8.8000E+02 2.5178E+01 8.8000E+02 2.4458E+01 9.2000E+02 2.4458E+01 6455 3102
 9.2000E+02 2.3737E+01 9.6000E+02 2.3737E+01 9.6000E+02 2.3016E+01 6455 3102
 1.0000E+03 2.3016E+01 1.0000E+03 2.2388E+01 1.0500E+03 2.2388E+01 6455 3102
 1.0500E+03 2.1851E+01 1.1000E+03 2.1851E+01 1.1000E+03 2.1315E+01 6455 3102
 1.1500E+03 2.1315E+01 1.1500E+03 2.0779E+01 1.2000E+03 2.0779E+01 6455 3102
 1.2000E+03 2.0110E+01 1.2750E+03 2.0110E+01 1.2750E+03 1.9306E+01 6455 3102
 1.3500E+03 1.9306E+01 1.3500E+03 1.8501E+01 1.4250E+03 1.8501E+01 6455 3102
 1.4250E+03 1.7696E+01 1.5000E+03 1.7696E+01 1.5000E+03 1.6992E+01 6455 3102
 1.6000E+03 1.6992E+01 1.6000E+03 1.6387E+01 1.7000E+03 1.6387E+01 6455 3102
 1.7000E+03 1.5782E+01 1.8000E+03 1.5782E+01 1.8000E+03 1.5178E+01 6455 3102
 1.9000E+03 1.5178E+01 1.9000E+03 1.4573E+01 2.0000E+03 1.4573E+01 6455 3102
 2.0000E+03 1.4101E+01 2.1000E+03 1.4101E+01 2.1000E+03 1.3764E+01 6455 3102
 2.2000E+03 1.3764E+01 2.2000E+03 1.3427E+01 2.3000E+03 1.3427E+01 6455 3102
 2.3000E+03 1.3091E+01 2.4000E+03 1.3091E+01 2.4000E+03 1.2671E+01 6455 3102
 2.5500E+03 1.2671E+01 2.5500E+03 1.2166E+01 2.7000E+03 1.2166E+01 6455 3102
 2.7000E+03 1.1744E+01 2.8000E+03 1.1744E+01 2.8000E+03 1.1242E+01 6455 3102
 3.0000E+03 1.1242E+01 3.0000E+03 1.0717E+01 3.2000E+03 1.0717E+01 6455 3102
 3.2000E+03 1.0345E+01 3.4000E+03 1.0345E+01 3.4000E+03 9.9716E+00 6455 3102
 3.6000E+03 9.9716E+00 3.6000E+03 9.5990E+00 3.8000E+03 9.5990E+00 6455 3102
 3.8000E+03 9.2262E+00 4.0000E+03 9.2262E+00 4.0000E+03 8.8902E+00 6455 3102
 4.2500E+03 8.8902E+00 4.2500E+03 8.5910E+00 4.5000E+03 8.5910E+00 6455 3102
 4.5000E+03 8.2917E+00 4.7500E+03 8.2917E+00 4.7500E+03 7.9925E+00 6455 3102
 5.0000E+03 7.9925E+00 5.0000E+03 7.7377E+00 5.2500E+03 7.7377E+00 6455 3102
 5.2500E+03 7.5281E+00 5.5000E+03 7.5281E+00 5.5000E+03 7.3185E+00 6455 3102
 5.7500E+03 7.3185E+00 5.7500E+03 7.1090E+00 6.0000E+03 7.1090E+00 6455 3102
 6.0000E+03 6.9109E+00 6.3000E+03 6.9109E+00 6.3000E+03 6.7242E+00 6455 3102
 6.6000E+03 6.7242E+00 6.6000E+03 6.5375E+00 6.9000E+03 6.5375E+00 6455 3102
 6.9000E+03 6.3599E+00 7.2000E+03 6.3599E+00 7.2000E+03 6.1895E+00 6455 3102
 7.6000E+03 6.1895E+00 7.6000E+03 5.9968E+00 8.0000E+03 5.9968E+00 6455 3102
 8.0000E+03 5.8303E+00 8.4000E+03 5.8303E+00 8.4000E+03 5.6904E+00 6455 3102
 8.8000E+03 5.6904E+00 8.8000E+03 5.5504E+00 9.2000E+03 5.5504E+00 6455 3102
 9.2000E+03 5.4105E+00 9.6000E+03 5.4105E+00 9.6000E+03 5.2706E+00 6455 3102
 1.0000E+04 5.2706E+00 1.0000E+04 5.1509E+00 1.0500E+04 5.1509E+00 6455 3102
 1.0500E+04 5.0514E+00 1.1000E+04 5.0514E+00 1.1000E+04 4.9519E+00 6455 3102
 1.1500E+04 4.9519E+00 1.1500E+04 4.8524E+00 1.2000E+04 4.8524E+00 6455 3102
 1.2000E+04 4.7284E+00 1.2750E+04 4.7284E+00 1.2750E+04 4.5792E+00 6455 3102
 1.3500E+04 4.5792E+00 1.3500E+04 4.4299E+00 1.4250E+04 4.4299E+00 6455 3102
 1.4250E+04 4.2807E+00 1.5000E+04 4.2807E+00 1.5000E+04 4.1510E+00 6455 3102
 1.6000E+04 4.1510E+00 1.6000E+04 4.0409E+00 1.7000E+04 4.0409E+00 6455 3102
 1.7000E+04 3.9308E+00 1.8000E+04 3.9308E+00 1.8000E+04 3.8208E+00 6455 3102
 1.9000E+04 3.8208E+00 1.9000E+04 3.7107E+00 2.0000E+04 3.7107E+00 6455 3102
 2.0000E+04 3.6278E+00 2.1000E+04 3.6278E+00 2.1000E+04 3.5725E+00 6455 3102
 2.2000E+04 3.5725E+00 2.2000E+04 3.5173E+00 2.3000E+04 3.5173E+00 6455 3102
 2.3000E+04 3.4620E+00 2.4000E+04 3.4620E+00 2.4000E+04 3.3931E+00 6455 3102
 2.5500E+04 3.3931E+00 2.5500E+04 3.3103E+00 2.7000E+04 3.3103E+00 6455 3102
 2.7000E+04 3.2409E+00 2.8000E+04 3.2409E+00 2.8000E+04 3.1586E+00 6455 3102
 3.0000E+04 3.1586E+00 3.0000E+04 3.0632E+00 3.2000E+04 3.0632E+00 6455 3102
 3.2000E+04 2.9834E+00 3.4000E+04 2.9834E+00 3.4000E+04 2.9036E+00 6455 3102
 3.6000E+04 2.9036E+00 3.6000E+04 2.8238E+00 3.8000E+04 2.8238E+00 6455 3102
 3.8000E+04 2.7440E+00 4.0000E+04 2.7440E+00 4.0000E+04 2.6666E+00 6455 3102
 4.2500E+04 2.6666E+00 4.2500E+04 2.5916E+00 4.5000E+04 2.5916E+00 6455 3102
 4.5000E+04 2.5166E+00 4.7500E+04 2.5166E+00 4.7500E+04 2.4416E+00 6455 3102
 5.0000E+04 2.4416E+00 5.0000E+04 2.3850E+00 5.2500E+04 2.3850E+00 6455 3102
 5.2500E+04 2.3472E+00 5.5000E+04 2.3472E+00 5.5000E+04 2.3093E+00 6455 3102
 5.7500E+04 2.3093E+00 5.7500E+04 2.2715E+00 6.0000E+04 2.2715E+00 6455 3102
 6.0000E+04 2.2146E+00 6.3000E+04 2.2146E+00 6.3000E+04 2.1390E+00 6455 3102
 6.6000E+04 2.1390E+00 6.6000E+04 2.0630E+00 6.9000E+04 2.0630E+00 6455 3102
 6.9000E+04 1.9910E+00 7.2000E+04 1.9910E+00 7.2000E+04 1.9214E+00 6455 3102
 7.6000E+04 1.9214E+00 7.6000E+04 1.8428E+00 8.0000E+04 1.8428E+00 6455 3102
 8.0000E+04 1.7793E+00 8.4000E+04 1.7793E+00 8.4000E+04 1.7311E+00 6455 3102
 8.8000E+04 1.7311E+00 8.8000E+04 1.6830E+00 9.2000E+04 1.6830E+00 6455 3102
 9.2000E+04 1.6350E+00 9.6000E+04 1.6350E+00 9.6000E+04 1.5869E+00 6455 3102
 1.0000E+05 1.5869E+00 1.0000E+05 1.5037E+00 1.0500E+05 1.5037E+00 6455 3102
 1.0500E+05 1.4540E+00 1.1000E+05 1.4540E+00 1.1000E+05 1.4035E+00 6455 3102
 1.1500E+05 1.4035E+00 1.1500E+05 1.3646E+00 1.2000E+05 1.3646E+00 6455 3102
 1.2000E+05 1.3165E+00 1.2750E+05 1.3165E+00 1.2750E+05 1.2729E+00 6455 3102
 1.3500E+05 1.2729E+00 1.3500E+05 1.2338E+00 1.4250E+05 1.2338E+00 6455 3102
 1.4250E+05 1.1970E+00 1.5000E+05 1.1970E+00 1.5000E+05 1.1579E+00 6455 3102
 1.6000E+05 1.1579E+00 1.6000E+05 1.1219E+00 1.7000E+05 1.1219E+00 6455 3102
 1.7000E+05 1.0891E+00 1.8000E+05 1.0891E+00 1.8000E+05 1.0590E+00 6455 3102
 1.9000E+05 1.0590E+00 1.9000E+05 1.0312E+00 2.0000E+05 1.0312E+00 6455 3102
 2.0000E+05 1.0073E+00 2.1000E+05 1.0073E+00 2.1000E+05 9.8702E-01 6455 3102
 2.2000E+05 9.8702E-01 2.2000E+05 9.6904E-01 2.3000E+05 9.6904E-01 6455 3102
 2.3000E+05 9.5161E-01 2.4000E+05 9.5161E-01 2.4000E+05 9.1977E-01 6455 3102
 2.5500E+05 9.1977E-01 2.5500E+05 8.8801E-01 2.7000E+05 8.8801E-01 6455 3102
 2.7000E+05 8.5551E-01 2.8000E+05 8.5551E-01 2.8000E+05 8.1344E-01 6455 3102
 3.0000E+05 8.1344E-01 3.0000E+05 7.6345E-01 3.2000E+05 7.6345E-01 6455 3102
 3.2000E+05 7.2564E-01 3.4000E+05 7.2564E-01 3.4000E+05 6.9147E-01 6455 3102
 3.6000E+05 6.9147E-01 3.6000E+05 6.6240E-01 3.8000E+05 6.6240E-01 6455 3102
 3.8000E+05 6.3899E-01 4.0000E+05 6.3899E-01 4.0000E+05 6.1631E-01 6455 3102
 4.2500E+05 6.1631E-01 4.2500E+05 5.9115E-01 4.5000E+05 5.9115E-01 6455 3102
 4.5000E+05 5.6915E-01 4.7500E+05 5.6915E-01 4.7500E+05 5.4855E-01 6455 3102
 5.0000E+05 5.4855E-01 5.0000E+05 5.2895E-01 5.2500E+05 5.2895E-01 6455 3102
 5.2500E+05 5.1565E-01 5.5000E+05 5.1565E-01 5.5000E+05 5.0456E-01 6455 3102
 5.7500E+05 5.0456E-01 5.7500E+05 4.9278E-01 6.0000E+05 4.9278E-01 6455 3102
 6.0000E+05 4.8053E-01 6.3000E+05 4.8053E-01 6.3000E+05 4.6758E-01 6455 3102
 6.6000E+05 4.6758E-01 6.6000E+05 4.5755E-01 6.9000E+05 4.5755E-01 6455 3102
 6.9000E+05 4.4867E-01 7.2000E+05 4.4867E-01 7.2000E+05 4.3870E-01 6455 3102
 7.6000E+05 4.3870E-01 7.6000E+05 4.2807E-01 8.0000E+05 4.2807E-01 6455 3102
 8.0000E+05 4.1800E-01 8.4000E+05 4.1800E-01 8.4000E+05 4.0840E-01 6455 3102
 8.8000E+05 4.0840E-01 8.8000E+05 3.9941E-01 9.2000E+05 3.9941E-01 6455 3102
 9.2000E+05 3.9060E-01 9.6000E+05 3.9060E-01 9.6000E+05 3.8231E-01 6455 3102
 1.0000E+06 3.8231E-01 1.0000E+06 3.6848E-01 1.1000E+06 3.6848E-01 6455 3102
 1.1000E+06 3.5033E-01 1.2000E+06 3.5033E-01 1.2000E+06 3.3429E-01 6455 3102
 1.3000E+06 3.3429E-01 1.3000E+06 3.1869E-01 1.4000E+06 3.1869E-01 6455 3102
 1.4000E+06 3.0466E-01 1.5000E+06 3.0466E-01 1.5000E+06 2.9106E-01 6455 3102
 1.6000E+06 2.9106E-01 1.6000E+06 2.7781E-01 1.7000E+06 2.7781E-01 6455 3102
 1.7000E+06 2.6565E-01 1.8000E+06 2.6565E-01 1.8000E+06 2.5304E-01 6455 3102
 1.9000E+06 2.5304E-01 1.9000E+06 2.4142E-01 2.0000E+06 2.4142E-01 6455 3102
 2.0000E+06 2.2809E-01 2.1000E+06 2.2809E-01 2.1000E+06 2.1340E-01 6455 3102
 2.2000E+06 2.1340E-01 2.2000E+06 2.0028E-01 2.3000E+06 2.0028E-01 6455 3102
 2.3000E+06 1.8849E-01 2.4000E+06 1.8849E-01 2.4000E+06 1.7783E-01 6455 3102
 2.5000E+06 1.7783E-01 2.5000E+06 1.6816E-01 2.6000E+06 1.6816E-01 6455 3102
 2.6000E+06 1.5938E-01 2.7000E+06 1.5938E-01 2.7000E+06 1.5135E-01 6455 3102
 2.8000E+06 1.5135E-01 2.8000E+06 1.4399E-01 2.9000E+06 1.4399E-01 6455 3102
 2.9000E+06 1.3722E-01 3.0000E+06 1.3722E-01 3.0000E+06 1.2866E-01 6455 3102
 3.1000E+06 1.2866E-01 3.1000E+06 1.1865E-01 3.2000E+06 1.1865E-01 6455 3102
 3.2000E+06 1.0970E-01 3.3000E+06 1.0970E-01 3.3000E+06 1.0167E-01 6455 3102
 3.4000E+06 1.0167E-01 3.4000E+06 9.4430E-02 3.5000E+06 9.4430E-02 6455 3102
 3.5000E+06 8.7898E-02 3.6000E+06 8.7898E-02 3.6000E+06 8.1990E-02 6455 3102
 3.7000E+06 8.1990E-02 3.7000E+06 7.6610E-02 3.8000E+06 7.6610E-02 6455 3102
 3.8000E+06 7.1719E-02 3.9000E+06 7.1719E-02 3.9000E+06 6.7250E-02 6455 3102
 4.0000E+06 6.7250E-02 4.0000E+06 6.2190E-02 4.1000E+06 6.2190E-02 6455 3102
 4.1000E+06 5.6685E-02 4.2000E+06 5.6685E-02 4.2000E+06 5.1784E-02 6455 3102
 4.3000E+06 5.1784E-02 4.3000E+06 4.7412E-02 4.4000E+06 4.7412E-02 6455 3102
 4.4000E+06 4.3485E-02 4.5000E+06 4.3485E-02 4.5000E+06 3.9969E-02 6455 3102
 4.6000E+06 3.9969E-02 4.6000E+06 3.6801E-02 4.7000E+06 3.6801E-02 6455 3102
 4.7000E+06 3.3944E-02 4.8000E+06 3.3944E-02 4.8000E+06 3.1365E-02 6455 3102
 4.9000E+06 3.1365E-02 4.9000E+06 2.9027E-02 5.0000E+06 2.9027E-02 6455 3102
 5.0000E+06 2.6517E-02 5.1000E+06 2.6517E-02 5.1000E+06 2.3896E-02 6455 3102
 5.2000E+06 2.3896E-02 5.2000E+06 2.1580E-02 5.3000E+06 2.1580E-02 6455 3102
 5.3000E+06 1.9527E-02 5.4000E+06 1.9527E-02 5.4000E+06 1.7694E-02 6455 3102
 5.5000E+06 1.7694E-02 5.5000E+06 1.6072E-02 5.6000E+06 1.6072E-02 6455 3102
 5.6000E+06 1.4617E-02 5.7000E+06 1.4617E-02 5.7000E+06 1.3322E-02 6455 3102
 5.8000E+06 1.3322E-02 5.8000E+06 1.2157E-02 5.9000E+06 1.2157E-02 6455 3102
 5.9000E+06 1.1113E-02 6.0000E+06 1.1113E-02 6.0000E+06 1.0047E-02 6455 3102
 6.1000E+06 1.0047E-02 6.1000E+06 8.9750E-03 6.2000E+06 8.9750E-03 6455 3102
 6.2000E+06 8.0373E-03 6.3000E+06 8.0373E-03 6.3000E+06 7.2071E-03 6455 3102
 6.4000E+06 7.2071E-03 6.4000E+06 6.4735E-03 6.5000E+06 6.4735E-03 6455 3102
 6.5000E+06 5.8260E-03 6.6000E+06 5.8260E-03 6.6000E+06 5.2502E-03 6455 3102
 6.7000E+06 5.2502E-03 6.7000E+06 4.7397E-03 6.8000E+06 4.7397E-03 6455 3102
 6.8000E+06 4.2843E-03 6.9000E+06 4.2843E-03 6.9000E+06 3.8793E-03 6455 3102
 7.0000E+06 3.8793E-03 7.0000E+06 3.4980E-03 7.1000E+06 3.4980E-03 6455 3102
 7.1000E+06 3.1405E-03 7.2000E+06 3.1405E-03 7.2000E+06 2.8245E-03 6455 3102
 7.3000E+06 2.8245E-03 7.3000E+06 2.5434E-03 7.4000E+06 2.5434E-03 6455 3102
 7.4000E+06 2.2936E-03 7.5000E+06 2.2936E-03 7.5000E+06 2.0714E-03 6455 3102
 7.6000E+06 2.0714E-03 7.6000E+06 1.8730E-03 7.7000E+06 1.8730E-03 6455 3102
 7.7000E+06 1.6962E-03 7.8000E+06 1.6962E-03 7.8000E+06 1.5376E-03 6455 3102
 7.9000E+06 1.5376E-03 7.9000E+06 1.3959E-03 8.0000E+06 1.3959E-03 6455 3102
 8.0000E+06 1.2676E-03 8.1000E+06 1.2676E-03 8.1000E+06 1.1512E-03 6455 3102
 8.2000E+06 1.1512E-03 8.2000E+06 1.0470E-03 8.3000E+06 1.0470E-03 6455 3102
 8.3000E+06 9.5339E-04 8.4000E+06 9.5339E-04 8.4000E+06 8.6887E-04 6455 3102
 8.5000E+06 8.6887E-04 8.5000E+06 7.9283E-04 8.6000E+06 7.9283E-04 6455 3102
 8.6000E+06 7.2418E-04 8.7000E+06 7.2418E-04 8.7000E+06 6.6220E-04 6455 3102
 8.8000E+06 6.6220E-04 8.8000E+06 6.0620E-04 8.9000E+06 6.0620E-04 6455 3102
 8.9000E+06 5.5544E-04 9.0000E+06 5.5544E-04 9.0000E+06 5.0966E-04 6455 3102
 9.1000E+06 5.0966E-04 9.1000E+06 4.6841E-04 9.2000E+06 4.6841E-04 6455 3102
 9.2000E+06 4.3095E-04 9.3000E+06 4.3095E-04 9.3000E+06 3.9684E-04 6455 3102
 9.4000E+06 3.9684E-04 9.4000E+06 3.6578E-04 9.5000E+06 3.6578E-04 6455 3102
 9.5000E+06 3.3737E-04 9.6000E+06 3.3737E-04 9.6000E+06 3.1154E-04 6455 3102
 9.7000E+06 3.1154E-04 9.7000E+06 2.8780E-04 9.8000E+06 2.8780E-04 6455 3102
 9.8000E+06 2.6619E-04 9.9000E+06 2.6619E-04 9.9000E+06 2.4634E-04 6455 3102
 1.0000E+07 2.4634E-04 1.0000E+07 2.2837E-04 1.0100E+07 2.2837E-04 6455 3102
 1.0100E+07 2.1238E-04 1.0200E+07 2.1238E-04 1.0200E+07 1.9749E-04 6455 3102
 1.0300E+07 1.9749E-04 1.0300E+07 1.8385E-04 1.0400E+07 1.8385E-04 6455 3102
 1.0400E+07 1.7132E-04 1.0500E+07 1.7132E-04 1.0500E+07 1.5970E-04 6455 3102
 1.0600E+07 1.5970E-04 1.0600E+07 1.4897E-04 1.0700E+07 1.4897E-04 6455 3102
 1.0700E+07 1.3909E-04 1.0800E+07 1.3909E-04 1.0800E+07 1.2993E-04 6455 3102
 1.0900E+07 1.2993E-04 1.0900E+07 1.2143E-04 1.1000E+07 1.2143E-04 6455 3102
 1.1000E+07 1.1356E-04 1.1100E+07 1.1356E-04 1.1100E+07 1.0627E-04 6455 3102
 1.1200E+07 1.0627E-04 1.1200E+07 9.9500E-05 1.1300E+07 9.9500E-05 6455 3102
 1.1300E+07 9.3223E-05 1.1400E+07 9.3223E-05 1.1400E+07 8.7392E-05 6455 3102
 1.1500E+07 8.7392E-05 1.1500E+07 8.1951E-05 1.1600E+07 8.1951E-05 6455 3102
 1.1600E+07 7.6914E-05 1.1700E+07 7.6914E-05 1.1700E+07 7.2218E-05 6455 3102
 1.1800E+07 7.2218E-05 1.1800E+07 6.7840E-05 1.1900E+07 6.7840E-05 6455 3102
 1.1900E+07 6.3777E-05 1.2000E+07 6.3777E-05 1.2000E+07 5.9969E-05 6455 3102
 1.2100E+07 5.9969E-05 1.2100E+07 5.6438E-05 1.2200E+07 5.6438E-05 6455 3102
 1.2200E+07 5.3133E-05 1.2300E+07 5.3133E-05 1.2300E+07 5.0053E-05 6455 3102
 1.2400E+07 5.0053E-05 1.2400E+07 4.7155E-05 1.2500E+07 4.7155E-05 6455 3102
 1.2500E+07 4.4207E-05 1.2600E+07 4.4207E-05 1.2600E+07 4.1706E-05 6455 3102
 1.2700E+07 4.1706E-05 1.2700E+07 3.9379E-05 1.2800E+07 3.9379E-05 6455 3102
 1.2800E+07 3.7185E-05 1.2900E+07 3.7185E-05 1.2900E+07 3.5143E-05 6455 3102
 1.3000E+07 3.5143E-05 1.3000E+07 3.3298E-05 1.3100E+07 3.3298E-05 6455 3102
 1.3100E+07 3.1620E-05 1.3200E+07 3.1620E-05 1.3200E+07 3.0041E-05 6455 3102
 1.3300E+07 3.0041E-05 1.3300E+07 2.8552E-05 1.3400E+07 2.8552E-05 6455 3102
 1.3400E+07 2.7138E-05 1.3500E+07 2.7138E-05 1.3500E+07 2.5813E-05 6455 3102
 1.3600E+07 2.5813E-05 1.3600E+07 2.4562E-05 1.3700E+07 2.4562E-05 6455 3102
 1.3700E+07 2.3381E-05 1.3800E+07 2.3381E-05 1.3800E+07 2.2263E-05 6455 3102
 1.3900E+07 2.2263E-05 1.3900E+07 2.1204E-05 1.4000E+07 2.1204E-05 6455 3102
 1.4000E+07 2.0201E-05 1.4100E+07 2.0201E-05 1.4100E+07 1.9252E-05 6455 3102
 1.4200E+07 1.9252E-05 1.4200E+07 1.8356E-05 1.4300E+07 1.8356E-05 6455 3102
 1.4300E+07 1.7512E-05 1.4400E+07 1.7512E-05 1.4400E+07 1.6701E-05 6455 3102
 1.4500E+07 1.6701E-05 1.4500E+07 1.5937E-05 1.4600E+07 1.5937E-05 6455 3102
 1.4600E+07 1.5222E-05 1.4700E+07 1.5222E-05 1.4700E+07 1.4537E-05 6455 3102
 1.4800E+07 1.4537E-05 1.4800E+07 1.3884E-05 1.4900E+07 1.3884E-05 6455 3102
 1.4900E+07 1.3271E-05 1.5000E+07 1.3271E-05 1.5000E+07 1.2731E-05 6455 3102
 1.5100E+07 1.2731E-05 1.5100E+07 1.2278E-05 1.5200E+07 1.2278E-05 6455 3102
 1.5200E+07 1.1849E-05 1.5300E+07 1.1849E-05 1.5300E+07 1.1439E-05 6455 3102
 1.5400E+07 1.1439E-05 1.5400E+07 1.1044E-05 1.5500E+07 1.1044E-05 6455 3102
 1.5500E+07 1.0662E-05 1.5600E+07 1.0662E-05 1.5600E+07 1.0294E-05 6455 3102
 1.5700E+07 1.0294E-05 1.5700E+07 9.9187E-06 1.5800E+07 9.9187E-06 6455 3102
 1.5800E+07 9.5850E-06 1.5900E+07 9.5850E-06 1.5900E+07 9.2597E-06 6455 3102
 1.6000E+07 9.2597E-06 1.6000E+07 8.9486E-06 1.6100E+07 8.9486E-06 6455 3102
 1.6100E+07 8.6540E-06 1.6200E+07 8.6540E-06 1.6200E+07 8.3660E-06 6455 3102
 1.6300E+07 8.3660E-06 1.6300E+07 8.0922E-06 1.6400E+07 8.0922E-06 6455 3102
 1.6400E+07 7.8290E-06 1.6500E+07 7.8290E-06 1.6500E+07 7.5734E-06 6455 3102
 1.6600E+07 7.5734E-06 1.6600E+07 7.3303E-06 1.6700E+07 7.3303E-06 6455 3102
 1.6700E+07 7.0967E-06 1.6800E+07 7.0967E-06 1.6800E+07 6.8689E-06 6455 3102
 1.6900E+07 6.8689E-06 1.6900E+07 6.6522E-06 1.7000E+07 6.6522E-06 6455 3102
 1.7000E+07 6.4418E-06 1.7100E+07 6.4418E-06 1.7100E+07 6.2422E-06 6455 3102
 1.7200E+07 6.2422E-06 1.7200E+07 6.0463E-06 1.7300E+07 6.0463E-06 6455 3102
 1.7300E+07 5.8583E-06 1.7400E+07 5.8583E-06 1.7400E+07 5.6782E-06 6455 3102
 1.7500E+07 5.6782E-06 1.7500E+07 5.5048E-06 1.7600E+07 5.5048E-06 6455 3102
 1.7600E+07 5.3361E-06 1.7700E+07 5.3361E-06 1.7700E+07 5.1792E-06 6455 3102
 1.7800E+07 5.1792E-06 1.7800E+07 5.0239E-06 1.7900E+07 5.0239E-06 6455 3102
 1.7900E+07 4.8686E-06 1.8000E+07 4.8686E-06 1.8000E+07 4.7255E-06 6455 3102
 1.8100E+07 4.7255E-06 1.8100E+07 4.5871E-06 1.8200E+07 4.5871E-06 6455 3102
 1.8200E+07 4.4490E-06 1.8300E+07 4.4490E-06 1.8300E+07 4.3209E-06 6455 3102
 1.8400E+07 4.3209E-06 1.8400E+07 4.1939E-06 1.8500E+07 4.1939E-06 6455 3102
 1.8500E+07 4.0701E-06 1.8600E+07 4.0701E-06 1.8600E+07 3.9567E-06 6455 3102
 1.8700E+07 3.9567E-06 1.8700E+07 3.8448E-06 1.8800E+07 3.8448E-06 6455 3102
 1.8800E+07 3.7329E-06 1.8900E+07 3.7329E-06 1.8900E+07 3.6237E-06 6455 3102
 1.9000E+07 3.6237E-06 1.9000E+07 3.5233E-06 1.9100E+07 3.5233E-06 6455 3102
 1.9100E+07 3.4251E-06 1.9200E+07 3.4251E-06 1.9200E+07 3.3271E-06 6455 3102
 1.9300E+07 3.3271E-06 1.9300E+07 3.2364E-06 1.9400E+07 3.2364E-06 6455 3102
 1.9400E+07 3.1464E-06 1.9500E+07 3.1464E-06 1.9500E+07 3.0590E-06 6455 3102
 1.9600E+07 3.0590E-06 1.9600E+07 2.9757E-06 1.9700E+07 2.9757E-06 6455 3102
 1.9700E+07 2.8979E-06 1.9800E+07 2.8979E-06 1.9800E+07 2.8196E-06 6455 3102
 1.9900E+07 2.8196E-06 1.9900E+07 2.7413E-06 2.0000E+07 2.7413E-06 6455 3102
 2.0000E+07 0.0000E+00                                             6455 3102
                                                                   6455 3  0
