GD-156N,G    1.0000+00* JEF-2.2                                    6456 3102
                                                                   6456 3102
 6.41560+04 1.5458E+02          0         99          0          0 6456 3102
 3.0000E+02 6.3662E+06          0          0          1       1282 6456 3102
       1282          2                                             6456 3102
 1.0000E-05 0.0000E+00 1.0000E-05 3.1083E+01 1.0500E-04 3.1083E+01 6456 3102
 1.0500E-04 2.3520E+01 1.1000E-04 2.3520E+01 1.1000E-04 2.2991E+01 6456 3102
 1.1500E-04 2.2991E+01 1.1500E-04 2.2495E+01 1.2000E-04 2.2495E+01 6456 3102
 1.2000E-04 2.1932E+01 1.2750E-04 2.1932E+01 1.2750E-04 2.1292E+01 6456 3102
 1.3500E-04 2.1292E+01 1.3500E-04 2.0711E+01 1.4250E-04 2.0711E+01 6456 3102
 1.4250E-04 2.0174E+01 1.5000E-04 2.0174E+01 1.5000E-04 1.9598E+01 6456 3102
 1.6000E-04 1.9598E+01 1.6000E-04 1.8991E+01 1.7000E-04 1.8991E+01 6456 3102
 1.7000E-04 1.8451E+01 1.8000E-04 1.8451E+01 1.8000E-04 1.7941E+01 6456 3102
 1.9000E-04 1.7941E+01 1.9000E-04 1.7477E+01 2.0000E-04 1.7477E+01 6456 3102
 2.0000E-04 1.7047E+01 2.1000E-04 1.7047E+01 2.1000E-04 1.6643E+01 6456 3102
 2.2000E-04 1.6643E+01 2.2000E-04 1.6272E+01 2.3000E-04 1.6272E+01 6456 3102
 2.3000E-04 1.5924E+01 2.4000E-04 1.5924E+01 2.4000E-04 1.5519E+01 6456 3102
 2.5500E-04 1.5519E+01 2.5500E-04 1.5074E+01 2.7000E-04 1.5074E+01 6456 3102
 2.7000E-04 1.4732E+01 2.8000E-04 1.4732E+01 2.8000E-04 1.4336E+01 6456 3102
 3.0000E-04 1.4336E+01 3.0000E-04 1.3864E+01 3.2000E-04 1.3864E+01 6456 3102
 3.2000E-04 1.3440E+01 3.4000E-04 1.3440E+01 3.4000E-04 1.3052E+01 6456 3102
 3.6000E-04 1.3052E+01 3.6000E-04 1.2697E+01 3.8000E-04 1.2697E+01 6456 3102
 3.8000E-04 1.2364E+01 4.0000E-04 1.2364E+01 4.0000E-04 1.2022E+01 6456 3102
 4.2500E-04 1.2022E+01 4.2500E-04 1.1677E+01 4.5000E-04 1.1677E+01 6456 3102
 4.5000E-04 1.1352E+01 4.7500E-04 1.1352E+01 4.7500E-04 1.1058E+01 6456 3102
 5.0000E-04 1.1058E+01 5.0000E-04 1.0785E+01 5.2500E-04 1.0785E+01 6456 3102
 5.2500E-04 1.0537E+01 5.5000E-04 1.0537E+01 5.5000E-04 1.0297E+01 6456 3102
 5.7500E-04 1.0297E+01 5.7500E-04 1.0078E+01 6.0000E-04 1.0078E+01 6456 3102
 6.0000E-04 9.8467E+00 6.3000E-04 9.8467E+00 6.3000E-04 9.6163E+00 6456 3102
 6.6000E-04 9.6163E+00 6.6000E-04 9.4048E+00 6.9000E-04 9.4048E+00 6456 3102
 6.9000E-04 9.1982E+00 7.2000E-04 9.1982E+00 7.2000E-04 8.9808E+00 6456 3102
 7.6000E-04 8.9808E+00 7.6000E-04 8.7455E+00 8.0000E-04 8.7455E+00 6456 3102
 8.0000E-04 8.5293E+00 8.4000E-04 8.5293E+00 8.4000E-04 8.3297E+00 6456 3102
 8.8000E-04 8.3297E+00 8.8000E-04 8.1417E+00 9.2000E-04 8.1417E+00 6456 3102
 9.2000E-04 7.9710E+00 9.6000E-04 7.9710E+00 9.6000E-04 7.8020E+00 6456 3102
 1.0000E-03 7.8020E+00 1.0000E-03 7.6283E+00 1.0500E-03 7.6283E+00 6456 3102
 1.0500E-03 7.4520E+00 1.1000E-03 7.4520E+00 1.1000E-03 7.2820E+00 6456 3102
 1.1500E-03 7.2820E+00 1.1500E-03 7.1269E+00 1.2000E-03 7.1269E+00 6456 3102
 1.2000E-03 6.9417E+00 1.2750E-03 6.9417E+00 1.2750E-03 6.7441E+00 6456 3102
 1.3500E-03 6.7441E+00 1.3500E-03 6.5576E+00 1.4250E-03 6.5576E+00 6456 3102
 1.4250E-03 6.3888E+00 1.5000E-03 6.3888E+00 1.5000E-03 6.2043E+00 6456 3102
 1.6000E-03 6.2043E+00 1.6000E-03 6.0129E+00 1.7000E-03 6.0129E+00 6456 3102
 1.7000E-03 5.8387E+00 1.8000E-03 5.8387E+00 1.8000E-03 5.6817E+00 6456 3102
 1.9000E-03 5.6817E+00 1.9000E-03 5.5314E+00 2.0000E-03 5.5314E+00 6456 3102
 2.0000E-03 5.3946E+00 2.1000E-03 5.3946E+00 2.1000E-03 5.2693E+00 6456 3102
 2.2000E-03 5.2693E+00 2.2000E-03 5.1494E+00 2.3000E-03 5.1494E+00 6456 3102
 2.3000E-03 5.0395E+00 2.4000E-03 5.0395E+00 2.4000E-03 4.9089E+00 6456 3102
 2.5500E-03 4.9089E+00 2.5500E-03 4.7693E+00 2.7000E-03 4.7693E+00 6456 3102
 2.7000E-03 4.6581E+00 2.8000E-03 4.6581E+00 2.8000E-03 4.5369E+00 6456 3102
 3.0000E-03 4.5369E+00 3.0000E-03 4.3874E+00 3.2000E-03 4.3874E+00 6456 3102
 3.2000E-03 4.2521E+00 3.4000E-03 4.2521E+00 3.4000E-03 4.1290E+00 6456 3102
 3.6000E-03 4.1290E+00 3.6000E-03 4.0180E+00 3.8000E-03 4.0180E+00 6456 3102
 3.8000E-03 3.9115E+00 4.0000E-03 3.9115E+00 4.0000E-03 3.8038E+00 6456 3102
 4.2500E-03 3.8038E+00 4.2500E-03 3.6934E+00 4.5000E-03 3.6934E+00 6456 3102
 4.5000E-03 3.5928E+00 4.7500E-03 3.5928E+00 4.7500E-03 3.4982E+00 6456 3102
 5.0000E-03 3.4982E+00 5.0000E-03 3.4126E+00 5.2500E-03 3.4126E+00 6456 3102
 5.2500E-03 3.3334E+00 5.5000E-03 3.3334E+00 5.5000E-03 3.2573E+00 6456 3102
 5.7500E-03 3.2573E+00 5.7500E-03 3.1881E+00 6.0000E-03 3.1881E+00 6456 3102
 6.0000E-03 3.1152E+00 6.3000E-03 3.1152E+00 6.3000E-03 3.0420E+00 6456 3102
 6.6000E-03 3.0420E+00 6.6000E-03 2.9738E+00 6.9000E-03 2.9738E+00 6456 3102
 6.9000E-03 2.9094E+00 7.2000E-03 2.9094E+00 7.2000E-03 2.8416E+00 6456 3102
 7.6000E-03 2.8416E+00 7.6000E-03 2.7662E+00 8.0000E-03 2.7662E+00 6456 3102
 8.0000E-03 2.6981E+00 8.4000E-03 2.6981E+00 8.4000E-03 2.6352E+00 6456 3102
 8.8000E-03 2.6352E+00 8.8000E-03 2.5755E+00 9.2000E-03 2.5755E+00 6456 3102
 9.2000E-03 2.5203E+00 9.6000E-03 2.5203E+00 9.6000E-03 2.4678E+00 6456 3102
 1.0000E-02 2.4678E+00 1.0000E-02 2.4135E+00 1.0500E-02 2.4135E+00 6456 3102
 1.0500E-02 2.3576E+00 1.1000E-02 2.3576E+00 1.1000E-02 2.3038E+00 6456 3102
 1.1500E-02 2.3038E+00 1.1500E-02 2.2549E+00 1.2000E-02 2.2549E+00 6456 3102
 1.2000E-02 2.1968E+00 1.2750E-02 2.1968E+00 1.2750E-02 2.1330E+00 6456 3102
 1.3500E-02 2.1330E+00 1.3500E-02 2.0747E+00 1.4250E-02 2.0747E+00 6456 3102
 1.4250E-02 2.0217E+00 1.5000E-02 2.0217E+00 1.5000E-02 1.9632E+00 6456 3102
 1.6000E-02 1.9632E+00 1.6000E-02 1.9029E+00 1.7000E-02 1.9029E+00 6456 3102
 1.7000E-02 1.8476E+00 1.8000E-02 1.8476E+00 1.8000E-02 1.7973E+00 6456 3102
 1.9000E-02 1.7973E+00 1.9000E-02 1.7501E+00 2.0000E-02 1.7501E+00 6456 3102
 2.0000E-02 1.7074E+00 2.1000E-02 1.7074E+00 2.1000E-02 1.6678E+00 6456 3102
 2.2000E-02 1.6678E+00 2.2000E-02 1.6297E+00 2.3000E-02 1.6297E+00 6456 3102
 2.3000E-02 1.5951E+00 2.4000E-02 1.5951E+00 2.4000E-02 1.5542E+00 6456 3102
 2.5500E-02 1.5542E+00 2.5500E-02 1.5090E+00 2.7000E-02 1.5090E+00 6456 3102
 2.7000E-02 1.4745E+00 2.8000E-02 1.4745E+00 2.8000E-02 1.4364E+00 6456 3102
 3.0000E-02 1.4364E+00 3.0000E-02 1.3891E+00 3.2000E-02 1.3891E+00 6456 3102
 3.2000E-02 1.3465E+00 3.4000E-02 1.3465E+00 3.4000E-02 1.3074E+00 6456 3102
 3.6000E-02 1.3074E+00 3.6000E-02 1.2719E+00 3.8000E-02 1.2719E+00 6456 3102
 3.8000E-02 1.2384E+00 4.0000E-02 1.2384E+00 4.0000E-02 1.2048E+00 6456 3102
 4.2500E-02 1.2048E+00 4.2500E-02 1.1699E+00 4.5000E-02 1.1699E+00 6456 3102
 4.5000E-02 1.1382E+00 4.7500E-02 1.1382E+00 4.7500E-02 1.1083E+00 6456 3102
 5.0000E-02 1.1083E+00 5.0000E-02 1.0812E+00 5.2500E-02 1.0812E+00 6456 3102
 5.2500E-02 1.0557E+00 5.5000E-02 1.0557E+00 5.5000E-02 1.0320E+00 6456 3102
 5.7500E-02 1.0320E+00 5.7500E-02 1.0105E+00 6.0000E-02 1.0105E+00 6456 3102
 6.0000E-02 9.8746E-01 6.3000E-02 9.8746E-01 6.3000E-02 9.6396E-01 6456 3102
 6.6000E-02 9.6396E-01 6.6000E-02 9.4287E-01 6.9000E-02 9.4287E-01 6456 3102
 6.9000E-02 9.2228E-01 7.2000E-02 9.2228E-01 7.2000E-02 9.0066E-01 6456 3102
 7.6000E-02 9.0066E-01 7.6000E-02 8.7703E-01 8.0000E-02 8.7703E-01 6456 3102
 8.0000E-02 8.5572E-01 8.4000E-02 8.5572E-01 8.4000E-02 8.3598E-01 6456 3102
 8.8000E-02 8.3598E-01 8.8000E-02 8.1701E-01 9.2000E-02 8.1701E-01 6456 3102
 9.2000E-02 7.9974E-01 9.6000E-02 7.9974E-01 9.6000E-02 7.8307E-01 6456 3102
 1.0000E-01 7.8307E-01 1.0000E-01 7.6600E-01 1.0500E-01 7.6600E-01 6456 3102
 1.0500E-01 7.4807E-01 1.1000E-01 7.4807E-01 1.1000E-01 7.3135E-01 6456 3102
 1.1500E-01 7.3135E-01 1.1500E-01 7.1615E-01 1.2000E-01 7.1615E-01 6456 3102
 1.2000E-01 6.9794E-01 1.2750E-01 6.9794E-01 1.2750E-01 6.7779E-01 6456 3102
 1.3500E-01 6.7779E-01 1.3500E-01 6.5943E-01 1.4250E-01 6.5943E-01 6456 3102
 1.4250E-01 6.4247E-01 1.5000E-01 6.4247E-01 1.5000E-01 6.2429E-01 6456 3102
 1.6000E-01 6.2429E-01 1.6000E-01 6.0545E-01 1.7000E-01 6.0545E-01 6456 3102
 1.7000E-01 5.8812E-01 1.8000E-01 5.8812E-01 1.8000E-01 5.7225E-01 6456 3102
 1.9000E-01 5.7225E-01 1.9000E-01 5.5736E-01 2.0000E-01 5.5736E-01 6456 3102
 2.0000E-01 5.4382E-01 2.1000E-01 5.4382E-01 2.1000E-01 5.3117E-01 6456 3102
 2.2000E-01 5.3117E-01 2.2000E-01 5.1938E-01 2.3000E-01 5.1938E-01 6456 3102
 2.3000E-01 5.0866E-01 2.4000E-01 5.0866E-01 2.4000E-01 4.9604E-01 6456 3102
 2.5500E-01 4.9604E-01 2.5500E-01 4.8179E-01 2.7000E-01 4.8179E-01 6456 3102
 2.7000E-01 4.7072E-01 2.8000E-01 4.7072E-01 2.8000E-01 4.5923E-01 6456 3102
 3.0000E-01 4.5923E-01 3.0000E-01 4.4432E-01 3.2000E-01 4.4432E-01 6456 3102
 3.2000E-01 4.3102E-01 3.4000E-01 4.3102E-01 3.4000E-01 4.1884E-01 6456 3102
 3.6000E-01 4.1884E-01 3.6000E-01 4.0765E-01 3.8000E-01 4.0765E-01 6456 3102
 3.8000E-01 3.9717E-01 4.0000E-01 3.9717E-01 4.0000E-01 3.8650E-01 6456 3102
 4.2500E-01 3.8650E-01 4.2500E-01 3.7517E-01 4.5000E-01 3.7517E-01 6456 3102
 4.5000E-01 3.6527E-01 4.7500E-01 3.6527E-01 4.7500E-01 3.5612E-01 6456 3102
 5.0000E-01 3.5612E-01 5.0000E-01 3.4740E-01 5.2500E-01 3.4740E-01 6456 3102
 5.2500E-01 3.3974E-01 5.5000E-01 3.3974E-01 5.5000E-01 3.3229E-01 6456 3102
 5.7500E-01 3.3229E-01 5.7500E-01 3.2551E-01 6.0000E-01 3.2551E-01 6456 3102
 6.0000E-01 3.1834E-01 6.3000E-01 3.1834E-01 6.3000E-01 3.1120E-01 6456 3102
 6.6000E-01 3.1120E-01 6.6000E-01 3.0471E-01 6.9000E-01 3.0471E-01 6456 3102
 6.9000E-01 2.9836E-01 7.2000E-01 2.9836E-01 7.2000E-01 2.9169E-01 6456 3102
 7.6000E-01 2.9169E-01 7.6000E-01 2.8443E-01 8.0000E-01 2.8443E-01 6456 3102
 8.0000E-01 2.7783E-01 8.4000E-01 2.7783E-01 8.4000E-01 2.7167E-01 6456 3102
 8.8000E-01 2.7167E-01 8.8000E-01 2.6593E-01 9.2000E-01 2.6593E-01 6456 3102
 9.2000E-01 2.6073E-01 9.6000E-01 2.6073E-01 9.6000E-01 2.5565E-01 6456 3102
 1.0000E+00 2.5565E-01 1.0000E+00 2.5027E-01 1.0500E+00 2.5027E-01 6456 3102
 1.0500E+00 2.4498E-01 1.1000E+00 2.4498E-01 1.1000E+00 2.3983E-01 6456 3102
 1.1500E+00 2.3983E-01 1.1500E+00 2.3516E-01 1.2000E+00 2.3516E-01 6456 3102
 1.2000E+00 2.2962E-01 1.2750E+00 2.2962E-01 1.2750E+00 2.2363E-01 6456 3102
 1.3500E+00 2.2363E-01 1.3500E+00 2.1814E-01 1.4250E+00 2.1814E-01 6456 3102
 1.4250E+00 2.1306E-01 1.5000E+00 2.1306E-01 1.5000E+00 2.0762E-01 6456 3102
 1.6000E+00 2.0762E-01 1.6000E+00 2.0198E-01 1.7000E+00 2.0198E-01 6456 3102
 1.7000E+00 1.9688E-01 1.8000E+00 1.9688E-01 1.8000E+00 1.9223E-01 6456 3102
 1.9000E+00 1.9223E-01 1.9000E+00 1.8796E-01 2.0000E+00 1.8796E-01 6456 3102
 2.0000E+00 1.8392E-01 2.1000E+00 1.8392E-01 2.1000E+00 1.8038E-01 6456 3102
 2.2000E+00 1.8038E-01 2.2000E+00 1.7697E-01 2.3000E+00 1.7697E-01 6456 3102
 2.3000E+00 1.7398E-01 2.4000E+00 1.7398E-01 2.4000E+00 1.7038E-01 6456 3102
 2.5500E+00 1.7038E-01 2.5500E+00 1.6627E-01 2.7000E+00 1.6627E-01 6456 3102
 2.7000E+00 1.6328E-01 2.8000E+00 1.6328E-01 2.8000E+00 1.5995E-01 6456 3102
 3.0000E+00 1.5995E-01 3.0000E+00 1.5592E-01 3.2000E+00 1.5592E-01 6456 3102
 3.2000E+00 1.5235E-01 3.4000E+00 1.5235E-01 3.4000E+00 1.4914E-01 6456 3102
 3.6000E+00 1.4914E-01 3.6000E+00 1.4627E-01 3.8000E+00 1.4627E-01 6456 3102
 3.8000E+00 1.4366E-01 4.0000E+00 1.4366E-01 4.0000E+00 1.4095E-01 6456 3102
 4.2500E+00 1.4095E-01 4.2500E+00 1.3838E-01 4.5000E+00 1.3838E-01 6456 3102
 4.5000E+00 1.3604E-01 4.7500E+00 1.3604E-01 4.7500E+00 1.3397E-01 6456 3102
 5.0000E+00 1.3397E-01 5.0000E+00 1.3201E-01 5.2500E+00 1.3201E-01 6456 3102
 5.2500E+00 1.3042E-01 5.5000E+00 1.3042E-01 5.5000E+00 1.2889E-01 6456 3102
 5.7500E+00 1.2889E-01 5.7500E+00 1.2759E-01 6.0000E+00 1.2759E-01 6456 3102
 6.0000E+00 1.2626E-01 6.3000E+00 1.2626E-01 6.3000E+00 1.2511E-01 6456 3102
 6.6000E+00 1.2511E-01 6.6000E+00 1.2404E-01 6.9000E+00 1.2404E-01 6456 3102
 6.9000E+00 1.2304E-01 7.2000E+00 1.2304E-01 7.2000E+00 1.2223E-01 6456 3102
 7.6000E+00 1.2223E-01 7.6000E+00 1.2147E-01 8.0000E+00 1.2147E-01 6456 3102
 8.0000E+00 1.2085E-01 8.4000E+00 1.2085E-01 8.4000E+00 1.2057E-01 6456 3102
 8.8000E+00 1.2057E-01 8.8000E+00 1.2036E-01 9.2000E+00 1.2036E-01 6456 3102
 9.2000E+00 1.2040E-01 9.6000E+00 1.2040E-01 9.6000E+00 1.2053E-01 6456 3102
 1.0000E+01 1.2053E-01 1.0000E+01 1.2093E-01 1.0500E+01 1.2093E-01 6456 3102
 1.0500E+01 1.2160E-01 1.1000E+01 1.2160E-01 1.1000E+01 1.2253E-01 6456 3102
 1.1500E+01 1.2253E-01 1.1500E+01 1.2370E-01 1.2000E+01 1.2370E-01 6456 3102
 1.2000E+01 1.2553E-01 1.2750E+01 1.2553E-01 1.2750E+01 1.2824E-01 6456 3102
 1.3500E+01 1.2824E-01 1.3500E+01 1.3159E-01 1.4250E+01 1.3159E-01 6456 3102
 1.4250E+01 1.3562E-01 1.5000E+01 1.3562E-01 1.5000E+01 1.4128E-01 6456 3102
 1.6000E+01 1.4128E-01 1.6000E+01 1.4920E-01 1.7000E+01 1.4920E-01 6456 3102
 1.7000E+01 1.5900E-01 1.8000E+01 1.5900E-01 1.8000E+01 1.7113E-01 6456 3102
 1.9000E+01 1.7113E-01 1.9000E+01 1.8621E-01 2.0000E+01 1.8621E-01 6456 3102
 2.0000E+01 2.0519E-01 2.1000E+01 2.0519E-01 2.1000E+01 2.2919E-01 6456 3102
 2.2000E+01 2.2919E-01 2.2000E+01 2.6041E-01 2.3000E+01 2.6041E-01 6456 3102
 2.3000E+01 3.0184E-01 2.4000E+01 3.0184E-01 2.4000E+01 3.7669E-01 6456 3102
 2.5500E+01 3.7669E-01 2.5500E+01 5.2432E-01 2.7000E+01 5.2432E-01 6456 3102
 2.7000E+01 7.4188E-01 2.8000E+01 7.4188E-01 2.8000E+01 1.3668E+00 6456 3102
 3.0000E+01 1.3668E+00 3.0000E+01 5.8866E+00 3.2000E+01 5.8866E+00 6456 3102
 3.2000E+01 6.9930E+02 3.4000E+01 6.9930E+02 3.4000E+01 7.9346E+00 6456 3102
 3.6000E+01 7.9346E+00 3.6000E+01 1.4036E+00 3.8000E+01 1.4036E+00 6456 3102
 3.8000E+01 6.0689E-01 4.0000E+01 6.0689E-01 4.0000E+01 3.4039E-01 6456 3102
 4.2500E+01 3.4039E-01 4.2500E+01 2.2451E-01 4.5000E+01 2.2451E-01 6456 3102
 4.5000E+01 1.7413E-01 4.7500E+01 1.7413E-01 4.7500E+01 1.5142E-01 6456 3102
 5.0000E+01 1.5142E-01 5.0000E+01 1.4328E-01 5.2500E+01 1.4328E-01 6456 3102
 5.2500E+01 1.4483E-01 5.5000E+01 1.4483E-01 5.5000E+01 1.5466E-01 6456 3102
 5.7500E+01 1.5466E-01 5.7500E+01 1.7349E-01 6.0000E+01 1.7349E-01 6456 3102
 6.0000E+01 2.0818E-01 6.3000E+01 2.0818E-01 6.3000E+01 2.7253E-01 6456 3102
 6.6000E+01 2.7253E-01 6.6000E+01 3.9155E-01 6.9000E+01 3.9155E-01 6456 3102
 6.9000E+01 6.4208E-01 7.2000E+01 6.4208E-01 7.2000E+01 1.6211E+00 6456 3102
 7.6000E+01 1.6211E+00 7.6000E+01 1.0169E+02 8.0000E+01 1.0169E+02 6456 3102
 8.0000E+01 4.1409E+02 8.4000E+01 4.1409E+02 8.4000E+01 1.7751E+00 6456 3102
 8.8000E+01 1.7751E+00 8.8000E+01 5.7228E-01 9.2000E+01 5.7228E-01 6456 3102
 9.2000E+01 2.8889E-01 9.6000E+01 2.8889E-01 9.6000E+01 1.7979E-01 6456 3102
 1.0000E+02 1.7979E-01 1.0000E+02 1.2326E-01 1.0500E+02 1.2326E-01 6456 3102
 1.0500E+02 9.2023E-02 1.1000E+02 9.2023E-02 1.1000E+02 7.6618E-02 6456 3102
 1.1500E+02 7.6618E-02 1.1500E+02 7.0034E-02 1.2000E+02 7.0034E-02 6456 3102
 1.2000E+02 7.1406E-02 1.2750E+02 7.1406E-02 1.2750E+02 9.0802E-02 6456 3102
 1.3500E+02 9.0802E-02 1.3500E+02 1.7986E-01 1.4250E+02 1.7986E-01 6456 3102
 1.4250E+02 3.5127E+01 1.5000E+02 3.5127E+01 1.5000E+02 4.9777E+01 6456 3102
 1.6000E+02 4.9777E+01 1.6000E+02 1.6532E-01 1.7000E+02 1.6532E-01 6456 3102
 1.7000E+02 1.9728E-01 1.8000E+02 1.9728E-01 1.8000E+02 5.6456E-01 6456 3102
 1.9000E+02 5.6456E-01 1.9000E+02 1.2425E+02 2.0000E+02 1.2425E+02 6456 3102
 2.0000E+02 3.2169E+01 2.1000E+02 3.2169E+01 2.1000E+02 3.2124E-01 6456 3102
 2.2000E+02 3.2124E-01 2.2000E+02 1.2455E-01 2.3000E+02 1.2455E-01 6456 3102
 2.3000E+02 8.1359E-02 2.4000E+02 8.1359E-02 2.4000E+02 3.4394E+00 6456 3102
 2.5500E+02 3.4394E+00 2.5500E+02 3.6667E-02 2.7000E+02 3.6667E-02 6456 3102
 2.7000E+02 3.3418E-02 2.8000E+02 3.3418E-02 2.8000E+02 3.8766E-02 6456 3102
 3.0000E+02 3.8766E-02 3.0000E+02 7.0620E-02 3.2000E+02 7.0620E-02 6456 3102
 3.2000E+02 5.0649E+00 3.4000E+02 5.0649E+00 3.4000E+02 4.5438E+01 6456 3102
 3.6000E+02 4.5438E+01 3.6000E+02 2.5782E-01 3.8000E+02 2.5782E-01 6456 3102
 3.8000E+02 1.8167E+01 4.0000E+02 1.8167E+01 4.0000E+02 4.9883E-02 6456 3102
 4.2500E+02 4.9883E-02 4.2500E+02 2.9390E-01 4.5000E+02 2.9390E-01 6456 3102
 4.5000E+02 1.7733E+01 4.7500E+02 1.7733E+01 4.7500E+02 1.6751E+01 6456 3102
 5.0000E+02 1.6751E+01 5.0000E+02 1.6425E+01 5.2500E+02 1.6425E+01 6456 3102
 5.2500E+02 5.6763E-02 5.5000E+02 5.6763E-02 5.5000E+02 1.8530E-02 6456 3102
 5.7500E+02 1.8530E-02 5.7500E+02 1.4959E-02 6.0000E+02 1.4959E-02 6456 3102
 6.0000E+02 1.6921E-02 6.3000E+02 1.6921E-02 6.3000E+02 2.6937E-02 6456 3102
 6.6000E+02 2.6937E-02 6.6000E+02 8.1221E-02 6.9000E+02 8.1221E-02 6456 3102
 6.9000E+02 2.5695E+01 7.2000E+02 2.5695E+01 7.2000E+02 8.2085E+00 6456 3102
 7.6000E+02 8.2085E+00 7.6000E+02 5.4862E+00 8.0000E+02 5.4862E+00 6456 3102
 8.0000E+02 1.0609E+01 8.4000E+02 1.0609E+01 8.4000E+02 1.1201E+01 6456 3102
 8.8000E+02 1.1201E+01 8.8000E+02 7.3647E+00 9.2000E+02 7.3647E+00 6456 3102
 9.2000E+02 3.3705E-02 9.6000E+02 3.3705E-02 9.6000E+02 3.0701E+00 6456 3102
 1.0000E+03 3.0701E+00 1.0000E+03 1.7583E+00 1.0500E+03 1.7583E+00 6456 3102
 1.0500E+03 3.3450E+00 1.1000E+03 3.3450E+00 1.1000E+03 5.2192E+00 6456 3102
 1.1500E+03 5.2192E+00 1.1500E+03 8.5668E+00 1.2000E+03 8.5668E+00 6456 3102
 1.2000E+03 5.2762E+00 1.2750E+03 5.2762E+00 1.2750E+03 2.7778E+00 6456 3102
 1.3500E+03 2.7778E+00 1.3500E+03 2.2286E+00 1.4250E+03 2.2286E+00 6456 3102
 1.4250E+03 4.4227E+00 1.5000E+03 4.4227E+00 1.5000E+03 3.8789E+00 6456 3102
 1.6000E+03 3.8789E+00 1.6000E+03 2.9229E+00 1.7000E+03 2.9229E+00 6456 3102
 1.7000E+03 2.8084E+00 1.8000E+03 2.8084E+00 1.8000E+03 2.6940E+00 6456 3102
 1.9000E+03 2.6940E+00 1.9000E+03 2.5796E+00 2.0000E+03 2.5796E+00 6456 3102
 2.0000E+03 2.4853E+00 2.1000E+03 2.4853E+00 2.1000E+03 2.4114E+00 6456 3102
 2.2000E+03 2.4114E+00 2.2000E+03 2.3375E+00 2.3000E+03 2.3375E+00 6456 3102
 2.3000E+03 2.2636E+00 2.4000E+03 2.2636E+00 2.4000E+03 2.1737E+00 6456 3102
 2.5500E+03 2.1737E+00 2.5500E+03 2.0941E+00 2.7000E+03 2.0941E+00 6456 3102
 2.7000E+03 2.0352E+00 2.8000E+03 2.0352E+00 2.8000E+03 1.9651E+00 6456 3102
 3.0000E+03 1.9651E+00 3.0000E+03 1.8711E+00 3.2000E+03 1.8711E+00 6456 3102
 3.2000E+03 1.7941E+00 3.4000E+03 1.7941E+00 3.4000E+03 1.7345E+00 6456 3102
 3.6000E+03 1.7345E+00 3.6000E+03 1.6748E+00 3.8000E+03 1.6748E+00 6456 3102
 3.8000E+03 1.6152E+00 4.0000E+03 1.6152E+00 4.0000E+03 1.5613E+00 6456 3102
 4.2500E+03 1.5613E+00 4.2500E+03 1.5130E+00 4.5000E+03 1.5130E+00 6456 3102
 4.5000E+03 1.4646E+00 4.7500E+03 1.4646E+00 4.7500E+03 1.4163E+00 6456 3102
 5.0000E+03 1.4163E+00 5.0000E+03 1.3765E+00 5.2500E+03 1.3765E+00 6456 3102
 5.2500E+03 1.3453E+00 5.5000E+03 1.3453E+00 5.5000E+03 1.3141E+00 6456 3102
 5.7500E+03 1.3141E+00 5.7500E+03 1.2829E+00 6.0000E+03 1.2829E+00 6456 3102
 6.0000E+03 1.2486E+00 6.3000E+03 1.2486E+00 6.3000E+03 1.2176E+00 6456 3102
 6.6000E+03 1.2176E+00 6.6000E+03 1.1932E+00 6.9000E+03 1.1932E+00 6456 3102
 6.9000E+03 1.1688E+00 7.2000E+03 1.1688E+00 7.2000E+03 1.1404E+00 6456 3102
 7.6000E+03 1.1404E+00 7.6000E+03 1.1082E+00 8.0000E+03 1.1082E+00 6456 3102
 8.0000E+03 1.0836E+00 8.4000E+03 1.0836E+00 8.4000E+03 1.0621E+00 6456 3102
 8.8000E+03 1.0621E+00 8.8000E+03 1.0405E+00 9.2000E+03 1.0405E+00 6456 3102
 9.2000E+03 1.0190E+00 9.6000E+03 1.0190E+00 9.6000E+03 9.9752E-01 6456 3102
 1.0000E+04 9.9752E-01 1.0000E+04 9.7788E-01 1.0500E+04 9.7788E-01 6456 3102
 1.0500E+04 9.6011E-01 1.1000E+04 9.6011E-01 1.1000E+04 9.4234E-01 6456 3102
 1.1500E+04 9.4234E-01 1.1500E+04 9.2457E-01 1.2000E+04 9.2457E-01 6456 3102
 1.2000E+04 9.0244E-01 1.2750E+04 9.0244E-01 1.2750E+04 8.7751E-01 6456 3102
 1.3500E+04 8.7751E-01 1.3500E+04 8.5842E-01 1.4250E+04 8.5842E-01 6456 3102
 1.4250E+04 8.3977E-01 1.5000E+04 8.3977E-01 1.5000E+04 8.1806E-01 6456 3102
 1.6000E+04 8.1806E-01 1.6000E+04 7.9639E-01 1.7000E+04 7.9639E-01 6456 3102
 1.7000E+04 7.7799E-01 1.8000E+04 7.7799E-01 1.8000E+04 7.5959E-01 6456 3102
 1.9000E+04 7.5959E-01 1.9000E+04 7.4119E-01 2.0000E+04 7.4119E-01 6456 3102
 2.0000E+04 7.2512E-01 2.1000E+04 7.2512E-01 2.1000E+04 7.1141E-01 6456 3102
 2.2000E+04 7.1141E-01 2.2000E+04 6.9771E-01 2.3000E+04 6.9771E-01 6456 3102
 2.3000E+04 6.8401E-01 2.4000E+04 6.8401E-01 2.4000E+04 6.6722E-01 6456 3102
 2.5500E+04 6.6722E-01 2.5500E+04 6.5085E-01 2.7000E+04 6.5085E-01 6456 3102
 2.7000E+04 6.3816E-01 2.8000E+04 6.3816E-01 2.8000E+04 6.2308E-01 6456 3102
 3.0000E+04 6.2308E-01 3.0000E+04 6.0286E-01 3.2000E+04 6.0286E-01 6456 3102
 3.2000E+04 5.8530E-01 3.4000E+04 5.8530E-01 3.4000E+04 5.7048E-01 6456 3102
 3.6000E+04 5.7048E-01 3.6000E+04 5.5565E-01 3.8000E+04 5.5565E-01 6456 3102
 3.8000E+04 5.4082E-01 4.0000E+04 5.4082E-01 4.0000E+04 5.2665E-01 6456 3102
 4.2500E+04 5.2665E-01 4.2500E+04 5.1309E-01 4.5000E+04 5.1309E-01 6456 3102
 4.5000E+04 4.9954E-01 4.7500E+04 4.9954E-01 4.7500E+04 4.8598E-01 6456 3102
 5.0000E+04 4.8598E-01 5.0000E+04 4.7492E-01 5.2500E+04 4.7492E-01 6456 3102
 5.2500E+04 4.6104E-01 5.5000E+04 4.6104E-01 5.5000E+04 4.4831E-01 6456 3102
 5.7500E+04 4.4831E-01 5.7500E+04 4.3624E-01 6.0000E+04 4.3624E-01 6456 3102
 6.0000E+04 4.2625E-01 6.3000E+04 4.2625E-01 6.3000E+04 4.1768E-01 6456 3102
 6.6000E+04 4.1768E-01 6.6000E+04 4.0926E-01 6.9000E+04 4.0926E-01 6456 3102
 6.9000E+04 4.0254E-01 7.2000E+04 4.0254E-01 7.2000E+04 3.9894E-01 6456 3102
 7.6000E+04 3.9894E-01 7.6000E+04 3.9512E-01 8.0000E+04 3.9512E-01 6456 3102
 8.0000E+04 3.9262E-01 8.4000E+04 3.9262E-01 8.4000E+04 3.8969E-01 6456 3102
 8.8000E+04 3.8969E-01 8.8000E+04 3.5322E-01 9.2000E+04 3.5322E-01 6456 3102
 9.2000E+04 3.3095E-01 9.6000E+04 3.3095E-01 9.6000E+04 3.1478E-01 6456 3102
 1.0000E+05 3.1478E-01 1.0000E+05 3.0334E-01 1.0500E+05 3.0334E-01 6456 3102
 1.0500E+05 2.9619E-01 1.1000E+05 2.9619E-01 1.1000E+05 2.8969E-01 6456 3102
 1.1500E+05 2.8969E-01 1.1500E+05 2.8352E-01 1.2000E+05 2.8352E-01 6456 3102
 1.2000E+05 2.7621E-01 1.2750E+05 2.7621E-01 1.2750E+05 2.6823E-01 6456 3102
 1.3500E+05 2.6823E-01 1.3500E+05 2.6101E-01 1.4250E+05 2.6101E-01 6456 3102
 1.4250E+05 2.5415E-01 1.5000E+05 2.5415E-01 1.5000E+05 2.4706E-01 6456 3102
 1.6000E+05 2.4706E-01 1.6000E+05 2.3935E-01 1.7000E+05 2.3935E-01 6456 3102
 1.7000E+05 2.3242E-01 1.8000E+05 2.3242E-01 1.8000E+05 2.2615E-01 6456 3102
 1.9000E+05 2.2615E-01 1.9000E+05 2.2019E-01 2.0000E+05 2.2019E-01 6456 3102
 2.0000E+05 2.1588E-01 2.1000E+05 2.1588E-01 2.1000E+05 2.1285E-01 6456 3102
 2.2000E+05 2.1285E-01 2.2000E+05 2.1005E-01 2.3000E+05 2.1005E-01 6456 3102
 2.3000E+05 2.0745E-01 2.4000E+05 2.0745E-01 2.4000E+05 2.0421E-01 6456 3102
 2.5500E+05 2.0421E-01 2.5500E+05 2.0074E-01 2.7000E+05 2.0074E-01 6456 3102
 2.7000E+05 1.9801E-01 2.8000E+05 1.9801E-01 2.8000E+05 1.9495E-01 6456 3102
 3.0000E+05 1.9495E-01 3.0000E+05 1.9244E-01 3.2000E+05 1.9244E-01 6456 3102
 3.2000E+05 1.9064E-01 3.4000E+05 1.9064E-01 3.4000E+05 1.8884E-01 6456 3102
 3.6000E+05 1.8884E-01 3.6000E+05 1.8705E-01 3.8000E+05 1.8705E-01 6456 3102
 3.8000E+05 1.8548E-01 4.0000E+05 1.8548E-01 4.0000E+05 1.8402E-01 6456 3102
 4.2500E+05 1.8402E-01 4.2500E+05 1.8262E-01 4.5000E+05 1.8262E-01 6456 3102
 4.5000E+05 1.8123E-01 4.7500E+05 1.8123E-01 4.7500E+05 1.7984E-01 6456 3102
 5.0000E+05 1.7984E-01 5.0000E+05 1.7903E-01 5.2500E+05 1.7903E-01 6456 3102
 5.2500E+05 1.7880E-01 5.5000E+05 1.7880E-01 5.5000E+05 1.7858E-01 6456 3102
 5.7500E+05 1.7858E-01 5.7500E+05 1.7835E-01 6.0000E+05 1.7835E-01 6456 3102
 6.0000E+05 1.7842E-01 6.3000E+05 1.7842E-01 6.3000E+05 1.7876E-01 6456 3102
 6.6000E+05 1.7876E-01 6.6000E+05 1.7911E-01 6.9000E+05 1.7911E-01 6456 3102
 6.9000E+05 1.7961E-01 7.2000E+05 1.7961E-01 7.2000E+05 1.8085E-01 6456 3102
 7.6000E+05 1.8085E-01 7.6000E+05 1.8232E-01 8.0000E+05 1.8232E-01 6456 3102
 8.0000E+05 1.8417E-01 8.4000E+05 1.8417E-01 8.4000E+05 1.8641E-01 6456 3102
 8.8000E+05 1.8641E-01 8.8000E+05 1.8877E-01 9.2000E+05 1.8877E-01 6456 3102
 9.2000E+05 1.9185E-01 9.6000E+05 1.9185E-01 9.6000E+05 1.9505E-01 6456 3102
 1.0000E+06 1.9505E-01 1.0000E+06 2.0033E-01 1.1000E+06 2.0033E-01 6456 3102
 1.1000E+06 1.9829E-01 1.2000E+06 1.9829E-01 1.2000E+06 1.7788E-01 6456 3102
 1.3000E+06 1.7788E-01 1.3000E+06 1.5502E-01 1.4000E+06 1.5502E-01 6456 3102
 1.4000E+06 1.3646E-01 1.5000E+06 1.3646E-01 1.5000E+06 1.1547E-01 6456 3102
 1.6000E+06 1.1547E-01 1.6000E+06 1.0079E-01 1.7000E+06 1.0079E-01 6456 3102
 1.7000E+06 9.0782E-02 1.8000E+06 9.0782E-02 1.8000E+06 8.1754E-02 6456 3102
 1.9000E+06 8.1754E-02 1.9000E+06 7.3490E-02 2.0000E+06 7.3490E-02 6456 3102
 2.0000E+06 6.7119E-02 2.1000E+06 6.7119E-02 2.1000E+06 6.2197E-02 6456 3102
 2.2000E+06 6.2197E-02 2.2000E+06 5.7841E-02 2.3000E+06 5.7841E-02 6456 3102
 2.3000E+06 5.3954E-02 2.4000E+06 5.3954E-02 2.4000E+06 5.0474E-02 6456 3102
 2.5000E+06 5.0474E-02 2.5000E+06 4.7761E-02 2.6000E+06 4.7761E-02 6456 3102
 2.6000E+06 4.5674E-02 2.7000E+06 4.5674E-02 2.7000E+06 4.3774E-02 6456 3102
 2.8000E+06 4.3774E-02 2.8000E+06 4.1999E-02 2.9000E+06 4.1999E-02 6456 3102
 2.9000E+06 4.0369E-02 3.0000E+06 4.0369E-02 3.0000E+06 3.8842E-02 6456 3102
 3.1000E+06 3.8842E-02 3.1000E+06 3.7410E-02 3.2000E+06 3.7410E-02 6456 3102
 3.2000E+06 3.6099E-02 3.3000E+06 3.6099E-02 3.3000E+06 3.4833E-02 6456 3102
 3.4000E+06 3.4833E-02 3.4000E+06 3.3671E-02 3.5000E+06 3.3671E-02 6456 3102
 3.5000E+06 3.2448E-02 3.6000E+06 3.2448E-02 3.6000E+06 3.1153E-02 6456 3102
 3.7000E+06 3.1153E-02 3.7000E+06 2.9949E-02 3.8000E+06 2.9949E-02 6456 3102
 3.8000E+06 2.8833E-02 3.9000E+06 2.8833E-02 3.9000E+06 2.7765E-02 6456 3102
 4.0000E+06 2.7765E-02 4.0000E+06 2.6637E-02 4.1000E+06 2.6637E-02 6456 3102
 4.1000E+06 2.5422E-02 4.2000E+06 2.5422E-02 4.2000E+06 2.4302E-02 6456 3102
 4.3000E+06 2.4302E-02 4.3000E+06 2.3248E-02 4.4000E+06 2.3248E-02 6456 3102
 4.4000E+06 2.2269E-02 4.5000E+06 2.2269E-02 4.5000E+06 2.1241E-02 6456 3102
 4.6000E+06 2.1241E-02 4.6000E+06 2.0174E-02 4.7000E+06 2.0174E-02 6456 3102
 4.7000E+06 1.9193E-02 4.8000E+06 1.9193E-02 4.8000E+06 1.8271E-02 6456 3102
 4.9000E+06 1.8271E-02 4.9000E+06 1.7417E-02 5.0000E+06 1.7417E-02 6456 3102
 5.0000E+06 1.6471E-02 5.1000E+06 1.6471E-02 5.1000E+06 1.5450E-02 6456 3102
 5.2000E+06 1.5450E-02 5.2000E+06 1.4515E-02 5.3000E+06 1.4515E-02 6456 3102
 5.3000E+06 1.3649E-02 5.4000E+06 1.3649E-02 5.4000E+06 1.2849E-02 6456 3102
 5.5000E+06 1.2849E-02 5.5000E+06 1.2114E-02 5.6000E+06 1.2114E-02 6456 3102
 5.6000E+06 1.1432E-02 5.7000E+06 1.1432E-02 5.7000E+06 1.0792E-02 6456 3102
 5.8000E+06 1.0792E-02 5.8000E+06 1.0203E-02 5.9000E+06 1.0203E-02 6456 3102
 5.9000E+06 9.6549E-03 6.0000E+06 9.6549E-03 6.0000E+06 9.0627E-03 6456 3102
 6.1000E+06 9.0627E-03 6.1000E+06 8.4364E-03 6.2000E+06 8.4364E-03 6456 3102
 6.2000E+06 7.8594E-03 6.3000E+06 7.8594E-03 6.3000E+06 7.3310E-03 6456 3102
 6.4000E+06 7.3310E-03 6.4000E+06 6.8461E-03 6.5000E+06 6.8461E-03 6456 3102
 6.5000E+06 6.3988E-03 6.6000E+06 6.3988E-03 6.6000E+06 5.9876E-03 6456 3102
 6.7000E+06 5.9876E-03 6.7000E+06 5.6081E-03 6.8000E+06 5.6081E-03 6456 3102
 6.8000E+06 5.2589E-03 6.9000E+06 5.2589E-03 6.9000E+06 4.9354E-03 6456 3102
 7.0000E+06 4.9354E-03 7.0000E+06 4.6327E-03 7.1000E+06 4.6327E-03 6456 3102
 7.1000E+06 4.3484E-03 7.2000E+06 4.3484E-03 7.2000E+06 4.0869E-03 6456 3102
 7.3000E+06 4.0869E-03 7.3000E+06 3.8435E-03 7.4000E+06 3.8435E-03 6456 3102
 7.4000E+06 3.6177E-03 7.5000E+06 3.6177E-03 7.5000E+06 3.4088E-03 6456 3102
 7.6000E+06 3.4088E-03 7.6000E+06 3.2140E-03 7.7000E+06 3.2140E-03 6456 3102
 7.7000E+06 3.0307E-03 7.8000E+06 3.0307E-03 7.8000E+06 2.8619E-03 6456 3102
 7.9000E+06 2.8619E-03 7.9000E+06 2.7040E-03 8.0000E+06 2.7040E-03 6456 3102
 8.0000E+06 2.5696E-03 8.1000E+06 2.5696E-03 8.1000E+06 2.4536E-03 6456 3102
 8.2000E+06 2.4536E-03 8.2000E+06 2.3450E-03 8.3000E+06 2.3450E-03 6456 3102
 8.3000E+06 2.2434E-03 8.4000E+06 2.2434E-03 8.4000E+06 2.1457E-03 6456 3102
 8.5000E+06 2.1457E-03 8.5000E+06 2.0535E-03 8.6000E+06 2.0535E-03 6456 3102
 8.6000E+06 1.9567E-03 8.7000E+06 1.9567E-03 8.7000E+06 1.8619E-03 6456 3102
 8.8000E+06 1.8619E-03 8.8000E+06 1.7708E-03 8.9000E+06 1.7708E-03 6456 3102
 8.9000E+06 1.6865E-03 9.0000E+06 1.6865E-03 9.0000E+06 1.6113E-03 6456 3102
 9.1000E+06 1.6113E-03 9.1000E+06 1.5446E-03 9.2000E+06 1.5446E-03 6456 3102
 9.2000E+06 1.4822E-03 9.3000E+06 1.4822E-03 9.3000E+06 1.4223E-03 6456 3102
 9.4000E+06 1.4223E-03 9.4000E+06 1.3658E-03 9.5000E+06 1.3658E-03 6456 3102
 9.5000E+06 1.3124E-03 9.6000E+06 1.3124E-03 9.6000E+06 1.2607E-03 6456 3102
 9.7000E+06 1.2607E-03 9.7000E+06 1.2124E-03 9.8000E+06 1.2124E-03 6456 3102
 9.8000E+06 1.1657E-03 9.9000E+06 1.1657E-03 9.9000E+06 1.1219E-03 6456 3102
 1.0000E+07 1.1219E-03 1.0000E+07 1.0996E-03 1.0100E+07 1.0996E-03 6456 3102
 1.0100E+07 1.0992E-03 1.0200E+07 1.0992E-03 1.0200E+07 1.0987E-03 6456 3102
 1.0300E+07 1.0987E-03 1.0300E+07 1.0984E-03 1.0400E+07 1.0984E-03 6456 3102
 1.0400E+07 1.0980E-03 1.0500E+07 1.0980E-03 1.0500E+07 1.0976E-03 6456 3102
 1.0600E+07 1.0976E-03 1.0600E+07 1.0972E-03 1.0700E+07 1.0972E-03 6456 3102
 1.0700E+07 1.0968E-03 1.0800E+07 1.0968E-03 1.0800E+07 1.0965E-03 6456 3102
 1.0900E+07 1.0965E-03 1.0900E+07 1.0961E-03 1.1000E+07 1.0961E-03 6456 3102
 1.1000E+07 1.0957E-03 1.1100E+07 1.0957E-03 1.1100E+07 1.0953E-03 6456 3102
 1.1200E+07 1.0953E-03 1.1200E+07 1.0948E-03 1.1300E+07 1.0948E-03 6456 3102
 1.1300E+07 1.0946E-03 1.1400E+07 1.0946E-03 1.1400E+07 1.0942E-03 6456 3102
 1.1500E+07 1.0942E-03 1.1500E+07 1.0938E-03 1.1600E+07 1.0938E-03 6456 3102
 1.1600E+07 1.0934E-03 1.1700E+07 1.0934E-03 1.1700E+07 1.0929E-03 6456 3102
 1.1800E+07 1.0929E-03 1.1800E+07 1.0927E-03 1.1900E+07 1.0927E-03 6456 3102
 1.1900E+07 1.0923E-03 1.2000E+07 1.0923E-03 1.2000E+07 1.1104E-03 6456 3102
 1.2100E+07 1.1104E-03 1.2100E+07 1.1471E-03 1.2200E+07 1.1471E-03 6456 3102
 1.2200E+07 1.1855E-03 1.2300E+07 1.1855E-03 1.2300E+07 1.2244E-03 6456 3102
 1.2400E+07 1.2244E-03 1.2400E+07 1.2632E-03 1.2500E+07 1.2632E-03 6456 3102
 1.2500E+07 1.3077E-03 1.2600E+07 1.3077E-03 1.2600E+07 1.3498E-03 6456 3102
 1.2700E+07 1.3498E-03 1.2700E+07 1.3916E-03 1.2800E+07 1.3916E-03 6456 3102
 1.2800E+07 1.4341E-03 1.2900E+07 1.4341E-03 1.2900E+07 1.4788E-03 6456 3102
 1.3000E+07 1.4788E-03 1.3000E+07 1.5233E-03 1.3100E+07 1.5233E-03 6456 3102
 1.3100E+07 1.5704E-03 1.3200E+07 1.5704E-03 1.3200E+07 1.6178E-03 6456 3102
 1.3300E+07 1.6178E-03 1.3300E+07 1.6653E-03 1.3400E+07 1.6653E-03 6456 3102
 1.3400E+07 1.7148E-03 1.3500E+07 1.7148E-03 1.3500E+07 1.7420E-03 6456 3102
 1.3600E+07 1.7420E-03 1.3600E+07 1.7495E-03 1.3700E+07 1.7495E-03 6456 3102
 1.3700E+07 1.7569E-03 1.3800E+07 1.7569E-03 1.3800E+07 1.7647E-03 6456 3102
 1.3900E+07 1.7647E-03 1.3900E+07 1.7722E-03 1.4000E+07 1.7722E-03 6456 3102
 1.4000E+07 1.7798E-03 1.4100E+07 1.7798E-03 1.4100E+07 1.7873E-03 6456 3102
 1.4200E+07 1.7873E-03 1.4200E+07 1.7946E-03 1.4300E+07 1.7946E-03 6456 3102
 1.4300E+07 1.8024E-03 1.4400E+07 1.8024E-03 1.4400E+07 1.8100E-03 6456 3102
 1.4500E+07 1.8100E-03 1.4500E+07 1.8176E-03 1.4600E+07 1.8176E-03 6456 3102
 1.4600E+07 1.8251E-03 1.4700E+07 1.8251E-03 1.4700E+07 1.8324E-03 6456 3102
 1.4800E+07 1.8324E-03 1.4800E+07 1.8402E-03 1.4900E+07 1.8402E-03 6456 3102
 1.4900E+07 1.8478E-03 1.5000E+07 1.8478E-03 1.5000E+07 1.8577E-03 6456 3102
 1.5100E+07 1.8577E-03 1.5100E+07 1.8703E-03 1.5200E+07 1.8703E-03 6456 3102
 1.5200E+07 1.8826E-03 1.5300E+07 1.8826E-03 1.5300E+07 1.8956E-03 6456 3102
 1.5400E+07 1.8956E-03 1.5400E+07 1.9083E-03 1.5500E+07 1.9083E-03 6456 3102
 1.5500E+07 1.9210E-03 1.5600E+07 1.9210E-03 1.5600E+07 1.9337E-03 6456 3102
 1.5700E+07 1.9337E-03 1.5700E+07 1.9470E-03 1.5800E+07 1.9470E-03 6456 3102
 1.5800E+07 1.9601E-03 1.5900E+07 1.9601E-03 1.5900E+07 1.9728E-03 6456 3102
 1.6000E+07 1.9728E-03 1.6000E+07 1.9855E-03 1.6100E+07 1.9855E-03 6456 3102
 1.6100E+07 1.9983E-03 1.6200E+07 1.9983E-03 1.6200E+07 2.0107E-03 6456 3102
 1.6300E+07 2.0107E-03 1.6300E+07 2.0237E-03 1.6400E+07 2.0237E-03 6456 3102
 1.6400E+07 2.0365E-03 1.6500E+07 2.0365E-03 1.6500E+07 2.0492E-03 6456 3102
 1.6600E+07 2.0492E-03 1.6600E+07 2.0619E-03 1.6700E+07 2.0619E-03 6456 3102
 1.6700E+07 2.0743E-03 1.6800E+07 2.0743E-03 1.6800E+07 2.0874E-03 6456 3102
 1.6900E+07 2.0874E-03 1.6900E+07 2.1002E-03 1.7000E+07 2.1002E-03 6456 3102
 1.7000E+07 2.1129E-03 1.7100E+07 2.1129E-03 1.7100E+07 2.1257E-03 6456 3102
 1.7200E+07 2.1257E-03 1.7200E+07 2.1384E-03 1.7300E+07 2.1384E-03 6456 3102
 1.7300E+07 2.1508E-03 1.7400E+07 2.1508E-03 1.7400E+07 2.1639E-03 6456 3102
 1.7500E+07 2.1639E-03 1.7500E+07 2.1766E-03 1.7600E+07 2.1766E-03 6456 3102
 1.7600E+07 2.1893E-03 1.7700E+07 2.1893E-03 1.7700E+07 2.2016E-03 6456 3102
 1.7800E+07 2.2016E-03 1.7800E+07 2.2148E-03 1.7900E+07 2.2148E-03 6456 3102
 1.7900E+07 2.2275E-03 1.8000E+07 2.2275E-03 1.8000E+07 2.2403E-03 6456 3102
 1.8100E+07 2.2403E-03 1.8100E+07 2.2530E-03 1.8200E+07 2.2530E-03 6456 3102
 1.8200E+07 2.2653E-03 1.8300E+07 2.2653E-03 1.8300E+07 2.2784E-03 6456 3102
 1.8400E+07 2.2784E-03 1.8400E+07 2.2911E-03 1.8500E+07 2.2911E-03 6456 3102
 1.8500E+07 2.3038E-03 1.8600E+07 2.3038E-03 1.8600E+07 2.3166E-03 6456 3102
 1.8700E+07 2.3166E-03 1.8700E+07 2.3288E-03 1.8800E+07 2.3288E-03 6456 3102
 1.8800E+07 2.3420E-03 1.8900E+07 2.3420E-03 1.8900E+07 2.3548E-03 6456 3102
 1.9000E+07 2.3548E-03 1.9000E+07 2.3675E-03 1.9100E+07 2.3675E-03 6456 3102
 1.9100E+07 2.3802E-03 1.9200E+07 2.3802E-03 1.9200E+07 2.3925E-03 6456 3102
 1.9300E+07 2.3925E-03 1.9300E+07 2.4057E-03 1.9400E+07 2.4057E-03 6456 3102
 1.9400E+07 2.4184E-03 1.9500E+07 2.4184E-03 1.9500E+07 2.4312E-03 6456 3102
 1.9600E+07 2.4312E-03 1.9600E+07 2.4439E-03 1.9700E+07 2.4439E-03 6456 3102
 1.9700E+07 2.4562E-03 1.9800E+07 2.4562E-03 1.9800E+07 2.4694E-03 6456 3102
 1.9900E+07 2.4694E-03 1.9900E+07 2.4821E-03 2.0000E+07 2.4821E-03 6456 3102
 2.0000E+07 0.0000E+00                                             6456 3102
                                                                   6456 3  0
