GD-152N,G    1.0000+00* JENDL-3.1                                  6452 3102
                                                                   6452 3102
 6.41520+04 1.5061E+02          0         99          0          0 6452 3102
 3.0000E+02 6.2383E+06          0          0          1       1282 6452 3102
       1282          2                                             6452 3102
 1.0000E-05 0.0000E+00 1.0000E-05 1.5681E+04 1.0500E-04 1.5681E+04 6452 3102
 1.0500E-04 1.1857E+04 1.1000E-04 1.1857E+04 1.1000E-04 1.1607E+04 6452 3102
 1.1500E-04 1.1607E+04 1.1500E-04 1.1376E+04 1.2000E-04 1.1376E+04 6452 3102
 1.2000E-04 1.1086E+04 1.2750E-04 1.1086E+04 1.2750E-04 1.0740E+04 6452 3102
 1.3500E-04 1.0740E+04 1.3500E-04 1.0451E+04 1.4250E-04 1.0451E+04 6452 3102
 1.4250E-04 1.0189E+04 1.5000E-04 1.0189E+04 1.5000E-04 9.8827E+03 6452 3102
 1.6000E-04 9.8827E+03 1.6000E-04 9.5822E+03 1.7000E-04 9.5822E+03 6452 3102
 1.7000E-04 9.3058E+03 1.8000E-04 9.3058E+03 1.8000E-04 9.0423E+03 6452 3102
 1.9000E-04 9.0423E+03 1.9000E-04 8.8149E+03 2.0000E-04 8.8149E+03 6452 3102
 2.0000E-04 8.5907E+03 2.1000E-04 8.5907E+03 2.1000E-04 8.4018E+03 6452 3102
 2.2000E-04 8.4018E+03 2.2000E-04 8.2271E+03 2.3000E-04 8.2271E+03 6452 3102
 2.3000E-04 8.0524E+03 2.4000E-04 8.0524E+03 2.4000E-04 7.8334E+03 6452 3102
 2.5500E-04 7.8334E+03 2.5500E-04 7.5966E+03 2.7000E-04 7.5966E+03 6452 3102
 2.7000E-04 7.4334E+03 2.8000E-04 7.4334E+03 2.8000E-04 7.2365E+03 6452 3102
 3.0000E-04 7.2365E+03 3.0000E-04 6.9887E+03 3.2000E-04 6.9887E+03 6452 3102
 3.2000E-04 6.7813E+03 3.4000E-04 6.7813E+03 3.4000E-04 6.5774E+03 6452 3102
 3.6000E-04 6.5774E+03 3.6000E-04 6.3996E+03 3.8000E-04 6.3996E+03 6452 3102
 3.8000E-04 6.2336E+03 4.0000E-04 6.2336E+03 4.0000E-04 6.0616E+03 6452 3102
 4.2500E-04 6.0616E+03 4.2500E-04 5.9008E+03 4.5000E-04 5.9008E+03 6452 3102
 4.5000E-04 5.7410E+03 4.7500E-04 5.7410E+03 4.7500E-04 5.5812E+03 6452 3102
 5.0000E-04 5.5812E+03 5.0000E-04 5.4360E+03 5.2500E-04 5.4360E+03 6452 3102
 5.2500E-04 5.3168E+03 5.5000E-04 5.3168E+03 5.5000E-04 5.1980E+03 6452 3102
 5.7500E-04 5.1980E+03 5.7500E-04 5.0792E+03 6.0000E-04 5.0792E+03 6452 3102
 6.0000E-04 4.9613E+03 6.3000E-04 4.9613E+03 6.3000E-04 4.8500E+03 6452 3102
 6.6000E-04 4.8500E+03 6.6000E-04 4.7387E+03 6.9000E-04 4.7387E+03 6452 3102
 6.9000E-04 4.6314E+03 7.2000E-04 4.6314E+03 7.2000E-04 4.5247E+03 6452 3102
 7.6000E-04 4.5247E+03 7.6000E-04 4.4046E+03 8.0000E-04 4.4046E+03 6452 3102
 8.0000E-04 4.2983E+03 8.4000E-04 4.2983E+03 8.4000E-04 4.2062E+03 6452 3102
 8.8000E-04 4.2062E+03 8.8000E-04 4.1141E+03 9.2000E-04 4.1141E+03 6452 3102
 9.2000E-04 4.0220E+03 9.6000E-04 4.0220E+03 9.6000E-04 3.9298E+03 6452 3102
 1.0000E-03 3.9298E+03 1.0000E-03 3.8423E+03 1.0500E-03 3.8423E+03 6452 3102
 1.0500E-03 3.7570E+03 1.1000E-03 3.7570E+03 1.1000E-03 3.6717E+03 6452 3102
 1.1500E-03 3.6717E+03 1.1500E-03 3.5864E+03 1.2000E-03 3.5864E+03 6452 3102
 1.2000E-03 3.4954E+03 1.2750E-03 3.4954E+03 1.2750E-03 3.3956E+03 6452 3102
 1.3500E-03 3.3956E+03 1.3500E-03 3.2976E+03 1.4250E-03 3.2976E+03 6452 3102
 1.4250E-03 3.2140E+03 1.5000E-03 3.2140E+03 1.5000E-03 3.1199E+03 6452 3102
 1.6000E-03 3.1199E+03 1.6000E-03 3.0275E+03 1.7000E-03 3.0275E+03 6452 3102
 1.7000E-03 2.9452E+03 1.8000E-03 2.9452E+03 1.8000E-03 2.8629E+03 6452 3102
 1.9000E-03 2.8629E+03 1.9000E-03 2.7808E+03 2.0000E-03 2.7808E+03 6452 3102
 2.0000E-03 2.7122E+03 2.1000E-03 2.7122E+03 2.1000E-03 2.6513E+03 6452 3102
 2.2000E-03 2.6513E+03 2.2000E-03 2.5904E+03 2.3000E-03 2.5904E+03 6452 3102
 2.3000E-03 2.5297E+03 2.4000E-03 2.5297E+03 2.4000E-03 2.4660E+03 6452 3102
 2.5500E-03 2.4660E+03 2.5500E-03 2.3950E+03 2.7000E-03 2.3950E+03 6452 3102
 2.7000E-03 2.3361E+03 2.8000E-03 2.3361E+03 2.8000E-03 2.2759E+03 6452 3102
 3.0000E-03 2.2759E+03 3.0000E-03 2.1995E+03 3.2000E-03 2.1995E+03 6452 3102
 3.2000E-03 2.1345E+03 3.4000E-03 2.1345E+03 3.4000E-03 2.0758E+03 6452 3102
 3.6000E-03 2.0758E+03 3.6000E-03 2.0172E+03 3.8000E-03 2.0172E+03 6452 3102
 3.8000E-03 1.9588E+03 4.0000E-03 1.9588E+03 4.0000E-03 1.9050E+03 6452 3102
 4.2500E-03 1.9050E+03 4.2500E-03 1.8507E+03 4.5000E-03 1.8507E+03 6452 3102
 4.5000E-03 1.7964E+03 4.7500E-03 1.7964E+03 4.7500E-03 1.7481E+03 6452 3102
 5.0000E-03 1.7481E+03 5.0000E-03 1.7059E+03 5.2500E-03 1.7059E+03 6452 3102
 5.2500E-03 1.6638E+03 5.5000E-03 1.6638E+03 5.5000E-03 1.6244E+03 6452 3102
 5.7500E-03 1.6244E+03 5.7500E-03 1.5902E+03 6.0000E-03 1.5902E+03 6452 3102
 6.0000E-03 1.5527E+03 6.3000E-03 1.5527E+03 6.3000E-03 1.5156E+03 6452 3102
 6.6000E-03 1.5156E+03 6.6000E-03 1.4842E+03 6.9000E-03 1.4842E+03 6452 3102
 6.9000E-03 1.4529E+03 7.2000E-03 1.4529E+03 7.2000E-03 1.4163E+03 6452 3102
 7.6000E-03 1.4163E+03 7.6000E-03 1.3747E+03 8.0000E-03 1.3747E+03 6452 3102
 8.0000E-03 1.3404E+03 8.4000E-03 1.3404E+03 8.4000E-03 1.3093E+03 6452 3102
 8.8000E-03 1.3093E+03 8.8000E-03 1.2783E+03 9.2000E-03 1.2783E+03 6452 3102
 9.2000E-03 1.2474E+03 9.6000E-03 1.2474E+03 9.6000E-03 1.2214E+03 6452 3102
 1.0000E-02 1.2214E+03 1.0000E-02 1.1942E+03 1.0500E-02 1.1942E+03 6452 3102
 1.0500E-02 1.1640E+03 1.1000E-02 1.1640E+03 1.1000E-02 1.1359E+03 6452 3102
 1.1500E-02 1.1359E+03 1.1500E-02 1.1116E+03 1.2000E-02 1.1116E+03 6452 3102
 1.2000E-02 1.0813E+03 1.2750E-02 1.0813E+03 1.2750E-02 1.0501E+03 6452 3102
 1.3500E-02 1.0501E+03 1.3500E-02 1.0221E+03 1.4250E-02 1.0221E+03 6452 3102
 1.4250E-02 9.9404E+02 1.5000E-02 9.9404E+02 1.5000E-02 9.6143E+02 6452 3102
 1.6000E-02 9.6143E+02 1.6000E-02 9.3035E+02 1.7000E-02 9.3035E+02 6452 3102
 1.7000E-02 9.0236E+02 1.8000E-02 9.0236E+02 1.8000E-02 8.7436E+02 6452 3102
 1.9000E-02 8.7436E+02 1.9000E-02 8.4962E+02 2.0000E-02 8.4962E+02 6452 3102
 2.0000E-02 8.2779E+02 2.1000E-02 8.2779E+02 2.1000E-02 8.0595E+02 6452 3102
 2.2000E-02 8.0595E+02 2.2000E-02 7.8565E+02 2.3000E-02 7.8565E+02 6452 3102
 2.3000E-02 7.6798E+02 2.4000E-02 7.6798E+02 2.4000E-02 7.4594E+02 6452 3102
 2.5500E-02 7.4594E+02 2.5500E-02 7.2231E+02 2.7000E-02 7.2231E+02 6452 3102
 2.7000E-02 7.0402E+02 2.8000E-02 7.0402E+02 2.8000E-02 6.8342E+02 6452 3102
 3.0000E-02 6.8342E+02 3.0000E-02 6.5872E+02 3.2000E-02 6.5872E+02 6452 3102
 3.2000E-02 6.3707E+02 3.4000E-02 6.3707E+02 3.4000E-02 6.1704E+02 6452 3102
 3.6000E-02 6.1704E+02 3.6000E-02 5.9701E+02 3.8000E-02 5.9701E+02 6452 3102
 3.8000E-02 5.7893E+02 4.0000E-02 5.7893E+02 4.0000E-02 5.6117E+02 6452 3102
 4.2500E-02 5.6117E+02 4.2500E-02 5.4151E+02 4.5000E-02 5.4151E+02 6452 3102
 4.5000E-02 5.2442E+02 4.7500E-02 5.2442E+02 4.7500E-02 5.0840E+02 6452 3102
 5.0000E-02 5.0840E+02 5.0000E-02 4.9296E+02 5.2500E-02 4.9296E+02 6452 3102
 5.2500E-02 4.7949E+02 5.5000E-02 4.7949E+02 5.5000E-02 4.6618E+02 6452 3102
 5.7500E-02 4.6618E+02 5.7500E-02 4.5422E+02 6.0000E-02 4.5422E+02 6452 3102
 6.0000E-02 4.4191E+02 6.3000E-02 4.4191E+02 6.3000E-02 4.2922E+02 6452 3102
 6.6000E-02 4.2922E+02 6.6000E-02 4.1820E+02 6.9000E-02 4.1820E+02 6452 3102
 6.9000E-02 4.0723E+02 7.2000E-02 4.0723E+02 7.2000E-02 3.9447E+02 6452 3102
 7.6000E-02 3.9447E+02 7.6000E-02 3.8105E+02 8.0000E-02 3.8105E+02 6452 3102
 8.0000E-02 3.6945E+02 8.4000E-02 3.6945E+02 8.4000E-02 3.5785E+02 6452 3102
 8.8000E-02 3.5785E+02 8.8000E-02 3.4688E+02 9.2000E-02 3.4688E+02 6452 3102
 9.2000E-02 3.3741E+02 9.6000E-02 3.3741E+02 9.6000E-02 3.2799E+02 6452 3102
 1.0000E-01 3.2799E+02 1.0000E-01 3.1780E+02 1.0500E-01 3.1780E+02 6452 3102
 1.0500E-01 3.0784E+02 1.1000E-01 3.0784E+02 1.1000E-01 2.9803E+02 6452 3102
 1.1500E-01 2.9803E+02 1.1500E-01 2.8918E+02 1.2000E-01 2.8918E+02 6452 3102
 1.2000E-01 2.7899E+02 1.2750E-01 2.7899E+02 1.2750E-01 2.6774E+02 6452 3102
 1.3500E-01 2.6774E+02 1.3500E-01 2.5767E+02 1.4250E-01 2.5767E+02 6452 3102
 1.4250E-01 2.4760E+02 1.5000E-01 2.4760E+02 1.5000E-01 2.3664E+02 6452 3102
 1.6000E-01 2.3664E+02 1.6000E-01 2.2593E+02 1.7000E-01 2.2593E+02 6452 3102
 1.7000E-01 2.1537E+02 1.8000E-01 2.1537E+02 1.8000E-01 2.0605E+02 6452 3102
 1.9000E-01 2.0605E+02 1.9000E-01 1.9750E+02 2.0000E-01 1.9750E+02 6452 3102
 2.0000E-01 1.8925E+02 2.1000E-01 1.8925E+02 2.1000E-01 1.8211E+02 6452 3102
 2.2000E-01 1.8211E+02 2.2000E-01 1.7506E+02 2.3000E-01 1.7506E+02 6452 3102
 2.3000E-01 1.6869E+02 2.4000E-01 1.6869E+02 2.4000E-01 1.6171E+02 6452 3102
 2.5500E-01 1.6171E+02 2.5500E-01 1.5311E+02 2.7000E-01 1.5311E+02 6452 3102
 2.7000E-01 1.4622E+02 2.8000E-01 1.4622E+02 2.8000E-01 1.3932E+02 6452 3102
 3.0000E-01 1.3932E+02 3.0000E-01 1.3174E+02 3.2000E-01 1.3174E+02 6452 3102
 3.2000E-01 1.2336E+02 3.4000E-01 1.2336E+02 3.4000E-01 1.1618E+02 6452 3102
 3.6000E-01 1.1618E+02 3.6000E-01 1.1088E+02 3.8000E-01 1.1088E+02 6452 3102
 3.8000E-01 1.0431E+02 4.0000E-01 1.0431E+02 4.0000E-01 9.8300E+01 6452 3102
 4.2500E-01 9.8300E+01 4.2500E-01 9.2172E+01 4.5000E-01 9.2172E+01 6452 3102
 4.5000E-01 8.6983E+01 4.7500E-01 8.6983E+01 4.7500E-01 8.1843E+01 6452 3102
 5.0000E-01 8.1843E+01 5.0000E-01 7.7199E+01 5.2500E-01 7.7199E+01 6452 3102
 5.2500E-01 7.2894E+01 5.5000E-01 7.2894E+01 5.5000E-01 6.9043E+01 6452 3102
 5.7500E-01 6.9043E+01 5.7500E-01 6.6468E+01 6.0000E-01 6.6468E+01 6452 3102
 6.0000E-01 6.2340E+01 6.3000E-01 6.2340E+01 6.3000E-01 5.8688E+01 6452 3102
 6.6000E-01 5.8688E+01 6.6000E-01 5.5467E+01 6.9000E-01 5.5467E+01 6452 3102
 6.9000E-01 5.2521E+01 7.2000E-01 5.2521E+01 7.2000E-01 4.9395E+01 6452 3102
 7.6000E-01 4.9395E+01 7.6000E-01 4.6200E+01 8.0000E-01 4.6200E+01 6452 3102
 8.0000E-01 4.3123E+01 8.4000E-01 4.3123E+01 8.4000E-01 4.0443E+01 6452 3102
 8.8000E-01 4.0443E+01 8.8000E-01 3.7914E+01 9.2000E-01 3.7914E+01 6452 3102
 9.2000E-01 3.6003E+01 9.6000E-01 3.6003E+01 9.6000E-01 3.3856E+01 6452 3102
 1.0000E+00 3.3856E+01 1.0000E+00 3.1759E+01 1.0500E+00 3.1759E+01 6452 3102
 1.0500E+00 2.9636E+01 1.1000E+00 2.9636E+01 1.1000E+00 2.7799E+01 6452 3102
 1.1500E+00 2.7799E+01 1.1500E+00 2.6052E+01 1.2000E+00 2.6052E+01 6452 3102
 1.2000E+00 2.4388E+01 1.2750E+00 2.4388E+01 1.2750E+00 2.2326E+01 6452 3102
 1.3500E+00 2.2326E+01 1.3500E+00 2.0489E+01 1.4250E+00 2.0489E+01 6452 3102
 1.4250E+00 1.8937E+01 1.5000E+00 1.8937E+01 1.5000E+00 1.7406E+01 6452 3102
 1.6000E+00 1.7406E+01 1.6000E+00 1.5804E+01 1.7000E+00 1.5804E+01 6452 3102
 1.7000E+00 1.4505E+01 1.8000E+00 1.4505E+01 1.8000E+00 1.3294E+01 6452 3102
 1.9000E+00 1.3294E+01 1.9000E+00 1.2381E+01 2.0000E+00 1.2381E+01 6452 3102
 2.0000E+00 1.1482E+01 2.1000E+00 1.1482E+01 2.1000E+00 1.0761E+01 6452 3102
 2.2000E+00 1.0761E+01 2.2000E+00 1.0108E+01 2.3000E+00 1.0108E+01 6452 3102
 2.3000E+00 9.5521E+00 2.4000E+00 9.5521E+00 2.4000E+00 8.9958E+00 6452 3102
 2.5500E+00 8.9958E+00 2.5500E+00 8.4656E+00 2.7000E+00 8.4656E+00 6452 3102
 2.7000E+00 8.2297E+00 2.8000E+00 8.2297E+00 2.8000E+00 8.4193E+00 6452 3102
 3.0000E+00 8.4193E+00 3.0000E+00 1.3269E+01 3.2000E+00 1.3269E+01 6452 3102
 3.2000E+00 9.5992E+01 3.4000E+00 9.5992E+01 3.4000E+00 1.4888E+01 6452 3102
 3.6000E+00 1.4888E+01 3.6000E+00 6.9425E+00 3.8000E+00 6.9425E+00 6452 3102
 3.8000E+00 5.9423E+00 4.0000E+00 5.9423E+00 4.0000E+00 5.5705E+00 6452 3102
 4.2500E+00 5.5705E+00 4.2500E+00 5.4396E+00 4.5000E+00 5.4396E+00 6452 3102
 4.5000E+00 5.4582E+00 4.7500E+00 5.4582E+00 4.7500E+00 5.6126E+00 6452 3102
 5.0000E+00 5.6126E+00 5.0000E+00 5.9072E+00 5.2500E+00 5.9072E+00 6452 3102
 5.2500E+00 6.3907E+00 5.5000E+00 6.3907E+00 5.5000E+00 7.1064E+00 6452 3102
 5.7500E+00 7.1064E+00 5.7500E+00 8.1365E+00 6.0000E+00 8.1365E+00 6452 3102
 6.0000E+00 9.8529E+00 6.3000E+00 9.8529E+00 6.3000E+00 1.2916E+01 6452 3102
 6.6000E+00 1.2916E+01 6.6000E+00 1.8529E+01 6.9000E+00 1.8529E+01 6452 3102
 6.9000E+00 3.0462E+01 7.2000E+00 3.0462E+01 7.2000E+00 7.9733E+01 6452 3102
 7.6000E+00 7.9733E+01 7.6000E+00 2.8433E+03 8.0000E+00 2.8433E+03 6452 3102
 8.0000E+00 2.9089E+03 8.4000E+00 2.9089E+03 8.4000E+00 7.6328E+01 6452 3102
 8.8000E+00 7.6328E+01 8.8000E+00 2.7246E+01 9.2000E+00 2.7246E+01 6452 3102
 9.2000E+00 8.3837E+01 9.6000E+00 8.3837E+01 9.6000E+00 3.5524E+01 6452 3102
 1.0000E+01 3.5524E+01 1.0000E+01 9.2536E+00 1.0500E+01 9.2536E+00 6452 3102
 1.0500E+01 9.6236E+00 1.1000E+01 9.6236E+00 1.1000E+01 1.5429E+01 6452 3102
 1.1500E+01 1.5429E+01 1.1500E+01 5.1860E+01 1.2000E+01 5.1860E+01 6452 3102
 1.2000E+01 1.8036E+03 1.2750E+01 1.8036E+03 1.2750E+01 3.2218E+01 6452 3102
 1.3500E+01 3.2218E+01 1.3500E+01 7.2149E+00 1.4250E+01 7.2149E+00 6452 3102
 1.4250E+01 3.5688E+00 1.5000E+01 3.5688E+00 1.5000E+01 2.2245E+00 6452 3102
 1.6000E+01 2.2245E+00 1.6000E+01 1.5935E+00 1.7000E+01 1.5935E+00 6452 3102
 1.7000E+01 1.3265E+00 1.8000E+01 1.3265E+00 1.8000E+01 1.2563E+00 6452 3102
 1.9000E+01 1.2563E+00 1.9000E+01 1.4718E+00 2.0000E+01 1.4718E+00 6452 3102
 2.0000E+01 8.2607E+00 2.1000E+01 8.2607E+00 2.1000E+01 1.2563E+02 6452 3102
 2.2000E+01 1.2563E+02 2.2000E+01 1.8216E+00 2.3000E+01 1.8216E+00 6452 3102
 2.3000E+01 1.2702E+00 2.4000E+01 1.2702E+00 2.4000E+01 1.2445E+00 6452 3102
 2.5500E+01 1.2445E+00 2.5500E+01 1.3982E+00 2.7000E+01 1.3982E+00 6452 3102
 2.7000E+01 1.6406E+00 2.8000E+01 1.6406E+00 2.8000E+01 2.1464E+00 6452 3102
 3.0000E+01 2.1464E+00 3.0000E+01 3.5147E+00 3.2000E+01 3.5147E+00 6452 3102
 3.2000E+01 7.5551E+00 3.4000E+01 7.5551E+00 3.4000E+01 3.7671E+01 6452 3102
 3.6000E+01 3.7671E+01 3.6000E+01 1.8125E+03 3.8000E+01 1.8125E+03 6452 3102
 3.8000E+01 1.1815E+03 4.0000E+01 1.1815E+03 4.0000E+01 3.2256E+01 6452 3102
 4.2500E+01 3.2256E+01 4.2500E+01 1.0817E+02 4.5000E+01 1.0817E+02 6452 3102
 4.5000E+01 1.9604E+00 4.7500E+01 1.9604E+00 4.7500E+01 1.1067E+00 6452 3102
 5.0000E+01 1.1067E+00 5.0000E+01 7.5343E-01 5.2500E+01 7.5343E-01 6452 3102
 5.2500E+01 5.7513E-01 5.5000E+01 5.7513E-01 5.5000E+01 4.8194E-01 6452 3102
 5.7500E+01 4.8194E-01 5.7500E+01 4.4111E-01 6.0000E+01 4.4111E-01 6452 3102
 6.0000E+01 4.4545E-01 6.3000E+01 4.4545E-01 6.3000E+01 5.2708E-01 6452 3102
 6.6000E+01 5.2708E-01 6.6000E+01 8.0589E-01 6.9000E+01 8.0589E-01 6452 3102
 6.9000E+01 2.2006E+00 7.2000E+01 2.2006E+00 7.2000E+01 3.4550E+02 6452 3102
 7.6000E+01 3.4550E+02 7.6000E+01 2.8297E+00 8.0000E+01 2.8297E+00 6452 3102
 8.0000E+01 1.3414E+00 8.4000E+01 1.3414E+00 8.4000E+01 5.8979E+01 6452 3102
 8.8000E+01 5.8979E+01 8.8000E+01 4.3979E+01 9.2000E+01 4.3979E+01 6452 3102
 9.2000E+01 4.1897E+02 9.6000E+01 4.1897E+02 9.6000E+01 2.2553E+00 6452 3102
 1.0000E+02 2.2553E+00 1.0000E+02 6.9378E-01 1.0500E+02 6.9378E-01 6452 3102
 1.0500E+02 3.4161E-01 1.1000E+02 3.4161E-01 1.1000E+02 2.2965E-01 6452 3102
 1.1500E+02 2.2965E-01 1.1500E+02 1.8971E-01 1.2000E+02 1.8971E-01 6452 3102
 1.2000E+02 2.0134E-01 1.2750E+02 2.0134E-01 1.2750E+02 4.4777E-01 6452 3102
 1.3500E+02 4.4777E-01 1.3500E+02 1.2932E+02 1.4250E+02 1.2932E+02 6452 3102
 1.4250E+02 9.6931E-01 1.5000E+02 9.6931E-01 1.5000E+02 3.6018E+00 6452 3102
 1.6000E+02 3.6018E+00 1.6000E+02 3.8899E+00 1.7000E+02 3.8899E+00 6452 3102
 1.7000E+02 5.3177E+01 1.8000E+02 5.3177E+01 1.8000E+02 7.1547E+01 6452 3102
 1.9000E+02 7.1547E+01 1.9000E+02 8.8638E-01 2.0000E+02 8.8638E-01 6452 3102
 2.0000E+02 8.3882E+01 2.1000E+02 8.3882E+01 2.1000E+02 1.6576E+00 6452 3102
 2.2000E+02 1.6576E+00 2.2000E+02 9.6643E+01 2.3000E+02 9.6643E+01 6452 3102
 2.3000E+02 1.6318E+02 2.4000E+02 1.6318E+02 2.4000E+02 4.0468E+01 6452 3102
 2.5500E+02 4.0468E+01 2.5500E+02 6.3368E-01 2.7000E+02 6.3368E-01 6452 3102
 2.7000E+02 8.0989E-01 2.8000E+02 8.0989E-01 2.8000E+02 6.7549E+01 6452 3102
 3.0000E+02 6.7549E+01 3.0000E+02 3.2715E+01 3.2000E+02 3.2715E+01 6452 3102
 3.2000E+02 1.2827E+01 3.4000E+02 1.2827E+01 3.4000E+02 1.4655E-01 6452 3102
 3.6000E+02 1.4655E-01 3.6000E+02 2.3978E+01 3.8000E+02 2.3978E+01 6452 3102
 3.8000E+02 2.7936E+01 4.0000E+02 2.7936E+01 4.0000E+02 1.9176E+01 6452 3102
 4.2500E+02 1.9176E+01 4.2500E+02 2.5614E+01 4.5000E+02 2.5614E+01 6452 3102
 4.5000E+02 8.9176E+00 4.7500E+02 8.9176E+00 4.7500E+02 1.2046E+01 6452 3102
 5.0000E+02 1.2046E+01 5.0000E+02 1.5802E+01 5.2500E+02 1.5802E+01 6452 3102
 5.2500E+02 9.2225E+00 5.5000E+02 9.2225E+00 5.5000E+02 2.0400E+01 6452 3102
 5.7500E+02 2.0400E+01 5.7500E+02 1.0507E+01 6.0000E+02 1.0507E+01 6452 3102
 6.0000E+02 1.8818E+01 6.3000E+02 1.8818E+01 6.3000E+02 7.4836E+00 6452 3102
 6.6000E+02 7.4836E+00 6.6000E+02 1.2462E+01 6.9000E+02 1.2462E+01 6452 3102
 6.9000E+02 2.3517E-01 7.2000E+02 2.3517E-01 7.2000E+02 7.5752E+00 6452 3102
 7.6000E+02 7.5752E+00 7.6000E+02 4.8364E+00 8.0000E+02 4.8364E+00 6452 3102
 8.0000E+02 2.5233E+01 8.4000E+02 2.5233E+01 8.4000E+02 4.2165E-01 6452 3102
 8.8000E+02 4.2165E-01 8.8000E+02 1.8107E+01 9.2000E+02 1.8107E+01 6452 3102
 9.2000E+02 7.8390E+00 9.6000E+02 7.8390E+00 9.6000E+02 1.0994E+01 6452 3102
 1.0000E+03 1.0994E+01 1.0000E+03 1.1979E+01 1.0500E+03 1.1979E+01 6452 3102
 1.0500E+03 8.5148E+00 1.1000E+03 8.5148E+00 1.1000E+03 4.6522E+00 6452 3102
 1.1500E+03 4.6522E+00 1.1500E+03 5.8595E+00 1.2000E+03 5.8595E+00 6452 3102
 1.2000E+03 3.4943E+00 1.2750E+03 3.4943E+00 1.2750E+03 1.4849E+00 6452 3102
 1.3500E+03 1.4849E+00 1.3500E+03 8.4410E+00 1.4250E+03 8.4410E+00 6452 3102
 1.4250E+03 1.5994E+00 1.5000E+03 1.5994E+00 1.5000E+03 6.0139E+00 6452 3102
 1.6000E+03 6.0139E+00 1.6000E+03 6.2972E+00 1.7000E+03 6.2972E+00 6452 3102
 1.7000E+03 1.8232E+00 1.8000E+03 1.8232E+00 1.8000E+03 4.4303E+00 6452 3102
 1.9000E+03 4.4303E+00 1.9000E+03 2.3889E+00 2.0000E+03 2.3889E+00 6452 3102
 2.0000E+03 3.7513E+00 2.1000E+03 3.7513E+00 2.1000E+03 1.9927E+00 6452 3102
 2.2000E+03 1.9927E+00 2.2000E+03 3.8001E+00 2.3000E+03 3.8001E+00 6452 3102
 2.3000E+03 2.6926E+00 2.4000E+03 2.6926E+00 2.4000E+03 2.1439E+00 6452 3102
 2.5500E+03 2.1439E+00 2.5500E+03 1.8765E+00 2.7000E+03 1.8765E+00 6452 3102
 2.7000E+03 4.1266E+00 2.8000E+03 4.1266E+00 2.8000E+03 3.9843E+00 6452 3102
 3.0000E+03 3.9843E+00 3.0000E+03 3.7932E+00 3.2000E+03 3.7932E+00 6452 3102
 3.2000E+03 3.6022E+00 3.4000E+03 3.6022E+00 3.4000E+03 3.4236E+00 6452 3102
 3.6000E+03 3.4236E+00 3.6000E+03 3.3218E+00 3.8000E+03 3.3218E+00 6452 3102
 3.8000E+03 3.2329E+00 4.0000E+03 3.2329E+00 4.0000E+03 3.1333E+00 6452 3102
 4.2500E+03 3.1333E+00 4.2500E+03 3.0223E+00 4.5000E+03 3.0223E+00 6452 3102
 4.5000E+03 2.9112E+00 4.7500E+03 2.9112E+00 4.7500E+03 2.8001E+00 6452 3102
 5.0000E+03 2.8001E+00 5.0000E+03 2.7142E+00 5.2500E+03 2.7142E+00 6452 3102
 5.2500E+03 2.6537E+00 5.5000E+03 2.6537E+00 5.5000E+03 2.5932E+00 6452 3102
 5.7500E+03 2.5932E+00 5.7500E+03 2.5328E+00 6.0000E+03 2.5328E+00 6452 3102
 6.0000E+03 2.4664E+00 6.3000E+03 2.4664E+00 6.3000E+03 2.3938E+00 6452 3102
 6.6000E+03 2.3938E+00 6.6000E+03 2.3213E+00 6.9000E+03 2.3213E+00 6452 3102
 6.9000E+03 2.2493E+00 7.2000E+03 2.2493E+00 7.2000E+03 2.1679E+00 6452 3102
 7.6000E+03 2.1679E+00 7.6000E+03 2.0748E+00 8.0000E+03 2.0748E+00 6452 3102
 8.0000E+03 1.9817E+00 8.4000E+03 1.9817E+00 8.4000E+03 1.8886E+00 6452 3102
 8.8000E+03 1.8886E+00 8.8000E+03 1.8018E+00 9.2000E+03 1.8018E+00 6452 3102
 9.2000E+03 1.7541E+00 9.6000E+03 1.7541E+00 9.6000E+03 1.7128E+00 6452 3102
 1.0000E+04 1.7128E+00 1.0000E+04 1.6665E+00 1.0500E+04 1.6665E+00 6452 3102
 1.0500E+04 1.6149E+00 1.1000E+04 1.6149E+00 1.1000E+04 1.5634E+00 6452 3102
 1.1500E+04 1.5634E+00 1.1500E+04 1.5119E+00 1.2000E+04 1.5119E+00 6452 3102
 1.2000E+04 1.4499E+00 1.2750E+04 1.4499E+00 1.2750E+04 1.4044E+00 6452 3102
 1.3500E+04 1.4044E+00 1.3500E+04 1.3682E+00 1.4250E+04 1.3682E+00 6452 3102
 1.4250E+04 1.3320E+00 1.5000E+04 1.3320E+00 1.5000E+04 1.2899E+00 6452 3102
 1.6000E+04 1.2899E+00 1.6000E+04 1.2417E+00 1.7000E+04 1.2417E+00 6452 3102
 1.7000E+04 1.1964E+00 1.8000E+04 1.1964E+00 1.8000E+04 1.1694E+00 6452 3102
 1.9000E+04 1.1694E+00 1.9000E+04 1.1455E+00 2.0000E+04 1.1455E+00 6452 3102
 2.0000E+04 1.1217E+00 2.1000E+04 1.1217E+00 2.1000E+04 1.0978E+00 6452 3102
 2.2000E+04 1.0978E+00 2.2000E+04 1.0739E+00 2.3000E+04 1.0739E+00 6452 3102
 2.3000E+04 1.0501E+00 2.4000E+04 1.0501E+00 2.4000E+04 1.0214E+00 6452 3102
 2.5500E+04 1.0214E+00 2.5500E+04 1.0012E+00 2.7000E+04 1.0012E+00 6452 3102
 2.7000E+04 9.8801E-01 2.8000E+04 9.8801E-01 2.8000E+04 9.7239E-01 6452 3102
 3.0000E+04 9.7239E-01 3.0000E+04 9.5143E-01 3.2000E+04 9.5143E-01 6452 3102
 3.2000E+04 9.3048E-01 3.4000E+04 9.3048E-01 3.4000E+04 9.1009E-01 6452 3102
 3.6000E+04 9.1009E-01 3.6000E+04 8.9330E-01 3.8000E+04 8.9330E-01 6452 3102
 3.8000E+04 8.7709E-01 4.0000E+04 8.7709E-01 4.0000E+04 8.5890E-01 6452 3102
 4.2500E+04 8.5890E-01 4.2500E+04 8.3865E-01 4.5000E+04 8.3865E-01 6452 3102
 4.5000E+04 8.1840E-01 4.7500E+04 8.1840E-01 4.7500E+04 7.9814E-01 6452 3102
 5.0000E+04 7.9814E-01 5.0000E+04 7.8014E-01 5.2500E+04 7.8014E-01 6452 3102
 5.2500E+04 7.6443E-01 5.5000E+04 7.6443E-01 5.5000E+04 7.4871E-01 6452 3102
 5.7500E+04 7.4871E-01 5.7500E+04 7.3299E-01 6.0000E+04 7.3299E-01 6452 3102
 6.0000E+04 7.1574E-01 6.3000E+04 7.1574E-01 6.3000E+04 6.9688E-01 6452 3102
 6.6000E+04 6.9688E-01 6.6000E+04 6.7802E-01 6.9000E+04 6.7802E-01 6452 3102
 6.9000E+04 6.6137E-01 7.2000E+04 6.6137E-01 7.2000E+04 6.5063E-01 6452 3102
 7.6000E+04 6.5063E-01 7.6000E+04 6.3896E-01 8.0000E+04 6.3896E-01 6452 3102
 8.0000E+04 6.2729E-01 8.4000E+04 6.2729E-01 8.4000E+04 6.1562E-01 6452 3102
 8.8000E+04 6.1562E-01 8.8000E+04 6.0241E-01 9.2000E+04 6.0241E-01 6452 3102
 9.2000E+04 5.7990E-01 9.6000E+04 5.7990E-01 9.6000E+04 5.5579E-01 6452 3102
 1.0000E+05 5.5579E-01 1.0000E+05 5.3977E-01 1.0500E+05 5.3977E-01 6452 3102
 1.0500E+05 5.3717E-01 1.1000E+05 5.3717E-01 1.1000E+05 5.3473E-01 6452 3102
 1.1500E+05 5.3473E-01 1.1500E+05 5.3233E-01 1.2000E+05 5.3233E-01 6452 3102
 1.2000E+05 5.2956E-01 1.2750E+05 5.2956E-01 1.2750E+05 5.2640E-01 6452 3102
 1.3500E+05 5.2640E-01 1.3500E+05 5.2341E-01 1.4250E+05 5.2341E-01 6452 3102
 1.4250E+05 5.2063E-01 1.5000E+05 5.2063E-01 1.5000E+05 5.1911E-01 6452 3102
 1.6000E+05 5.1911E-01 1.6000E+05 5.1891E-01 1.7000E+05 5.1891E-01 6452 3102
 1.7000E+05 5.1871E-01 1.8000E+05 5.1871E-01 1.8000E+05 5.1850E-01 6452 3102
 1.9000E+05 5.1850E-01 1.9000E+05 5.1832E-01 2.0000E+05 5.1832E-01 6452 3102
 2.0000E+05 5.1881E-01 2.1000E+05 5.1881E-01 2.1000E+05 5.1998E-01 6452 3102
 2.2000E+05 5.1998E-01 2.2000E+05 5.2108E-01 2.3000E+05 5.2108E-01 6452 3102
 2.3000E+05 5.2214E-01 2.4000E+05 5.2214E-01 2.4000E+05 5.2349E-01 6452 3102
 2.5500E+05 5.2349E-01 2.5500E+05 5.2564E-01 2.7000E+05 5.2564E-01 6452 3102
 2.7000E+05 5.2751E-01 2.8000E+05 5.2751E-01 2.8000E+05 5.2973E-01 6452 3102
 3.0000E+05 5.2973E-01 3.0000E+05 5.3293E-01 3.2000E+05 5.3293E-01 6452 3102
 3.2000E+05 5.3642E-01 3.4000E+05 5.3642E-01 3.4000E+05 5.3380E-01 6452 3102
 3.6000E+05 5.3380E-01 3.6000E+05 5.1251E-01 3.8000E+05 5.1251E-01 6452 3102
 3.8000E+05 4.9162E-01 4.0000E+05 4.9162E-01 4.0000E+05 4.7043E-01 6452 3102
 4.2500E+05 4.7043E-01 4.2500E+05 4.4950E-01 4.5000E+05 4.4950E-01 6452 3102
 4.5000E+05 4.2996E-01 4.7500E+05 4.2996E-01 4.7500E+05 4.1257E-01 6452 3102
 5.0000E+05 4.1257E-01 5.0000E+05 4.0363E-01 5.2500E+05 4.0363E-01 6452 3102
 5.2500E+05 4.0314E-01 5.5000E+05 4.0314E-01 5.5000E+05 4.0265E-01 6452 3102
 5.7500E+05 4.0265E-01 5.7500E+05 4.0222E-01 6.0000E+05 4.0222E-01 6452 3102
 6.0000E+05 4.0155E-01 6.3000E+05 4.0155E-01 6.3000E+05 3.9886E-01 6452 3102
 6.6000E+05 3.9886E-01 6.6000E+05 3.9576E-01 6.9000E+05 3.9576E-01 6452 3102
 6.9000E+05 3.9376E-01 7.2000E+05 3.9376E-01 7.2000E+05 3.9543E-01 6452 3102
 7.6000E+05 3.9543E-01 7.6000E+05 3.9551E-01 8.0000E+05 3.9551E-01 6452 3102
 8.0000E+05 3.9527E-01 8.4000E+05 3.9527E-01 8.4000E+05 3.9684E-01 6452 3102
 8.8000E+05 3.9684E-01 8.8000E+05 3.9852E-01 9.2000E+05 3.9852E-01 6452 3102
 9.2000E+05 3.9834E-01 9.6000E+05 3.9834E-01 9.6000E+05 3.8577E-01 6452 3102
 1.0000E+06 3.8577E-01 1.0000E+06 3.7711E-01 1.1000E+06 3.7711E-01 6452 3102
 1.1000E+06 3.6292E-01 1.2000E+06 3.6292E-01 1.2000E+06 3.4449E-01 6452 3102
 1.3000E+06 3.4449E-01 1.3000E+06 3.3270E-01 1.4000E+06 3.3270E-01 6452 3102
 1.4000E+06 3.1587E-01 1.5000E+06 3.1587E-01 1.5000E+06 3.0365E-01 6452 3102
 1.6000E+06 3.0365E-01 1.6000E+06 2.9512E-01 1.7000E+06 2.9512E-01 6452 3102
 1.7000E+06 2.8708E-01 1.8000E+06 2.8708E-01 1.8000E+06 2.7875E-01 6452 3102
 1.9000E+06 2.7875E-01 1.9000E+06 2.6985E-01 2.0000E+06 2.6985E-01 6452 3102
 2.0000E+06 2.5980E-01 2.1000E+06 2.5980E-01 2.1000E+06 2.4794E-01 6452 3102
 2.2000E+06 2.4794E-01 2.2000E+06 2.3703E-01 2.3000E+06 2.3703E-01 6452 3102
 2.3000E+06 2.2704E-01 2.4000E+06 2.2704E-01 2.4000E+06 2.1791E-01 6452 3102
 2.5000E+06 2.1791E-01 2.5000E+06 2.0980E-01 2.6000E+06 2.0980E-01 6452 3102
 2.6000E+06 2.0191E-01 2.7000E+06 2.0191E-01 2.7000E+06 1.9436E-01 6452 3102
 2.8000E+06 1.9436E-01 2.8000E+06 1.8759E-01 2.9000E+06 1.8759E-01 6452 3102
 2.9000E+06 1.8132E-01 3.0000E+06 1.8132E-01 3.0000E+06 1.7271E-01 6452 3102
 3.1000E+06 1.7271E-01 3.1000E+06 1.6160E-01 3.2000E+06 1.6160E-01 6452 3102
 3.2000E+06 1.5106E-01 3.3000E+06 1.5106E-01 3.3000E+06 1.4209E-01 6452 3102
 3.4000E+06 1.4209E-01 3.4000E+06 1.3330E-01 3.5000E+06 1.3330E-01 6452 3102
 3.5000E+06 1.2578E-01 3.6000E+06 1.2578E-01 3.6000E+06 1.1868E-01 6452 3102
 3.7000E+06 1.1868E-01 3.7000E+06 1.1185E-01 3.8000E+06 1.1185E-01 6452 3102
 3.8000E+06 1.0583E-01 3.9000E+06 1.0583E-01 3.9000E+06 1.0032E-01 6452 3102
 4.0000E+06 1.0032E-01 4.0000E+06 9.4033E-02 4.1000E+06 9.4033E-02 6452 3102
 4.1000E+06 8.7052E-02 4.2000E+06 8.7052E-02 4.2000E+06 8.0754E-02 6452 3102
 4.3000E+06 8.0754E-02 4.3000E+06 7.5060E-02 4.4000E+06 7.5060E-02 6452 3102
 4.4000E+06 6.9877E-02 4.5000E+06 6.9877E-02 4.5000E+06 6.5150E-02 6452 3102
 4.6000E+06 6.5150E-02 4.6000E+06 6.0979E-02 4.7000E+06 6.0979E-02 6452 3102
 4.7000E+06 5.6905E-02 4.8000E+06 5.6905E-02 4.8000E+06 5.3375E-02 6452 3102
 4.9000E+06 5.3375E-02 4.9000E+06 5.0008E-02 5.0000E+06 5.0008E-02 6452 3102
 5.0000E+06 4.6256E-02 5.1000E+06 4.6256E-02 5.1000E+06 4.2393E-02 6452 3102
 5.2000E+06 4.2393E-02 5.2000E+06 3.8887E-02 5.3000E+06 3.8887E-02 6452 3102
 5.3000E+06 3.5708E-02 5.4000E+06 3.5708E-02 5.4000E+06 3.2856E-02 6452 3102
 5.5000E+06 3.2856E-02 5.5000E+06 3.0294E-02 5.6000E+06 3.0294E-02 6452 3102
 5.6000E+06 2.7969E-02 5.7000E+06 2.7969E-02 5.7000E+06 2.5861E-02 6452 3102
 5.8000E+06 2.5861E-02 5.8000E+06 2.3889E-02 5.9000E+06 2.3889E-02 6452 3102
 5.9000E+06 2.2121E-02 6.0000E+06 2.2121E-02 6.0000E+06 2.0295E-02 6452 3102
 6.1000E+06 2.0295E-02 6.1000E+06 1.8395E-02 6.2000E+06 1.8395E-02 6452 3102
 6.2000E+06 1.6705E-02 6.3000E+06 1.6705E-02 6.3000E+06 1.5181E-02 6452 3102
 6.4000E+06 1.5181E-02 6.4000E+06 1.3824E-02 6.5000E+06 1.3824E-02 6452 3102
 6.5000E+06 1.2607E-02 6.6000E+06 1.2607E-02 6.6000E+06 1.1514E-02 6452 3102
 6.7000E+06 1.1514E-02 6.7000E+06 1.0537E-02 6.8000E+06 1.0537E-02 6452 3102
 6.8000E+06 9.6488E-03 6.9000E+06 9.6488E-03 6.9000E+06 8.8450E-03 6452 3102
 7.0000E+06 8.8450E-03 7.0000E+06 8.1040E-03 7.1000E+06 8.1040E-03 6452 3102
 7.1000E+06 7.4049E-03 7.2000E+06 7.4049E-03 7.2000E+06 6.7755E-03 6452 3102
 7.3000E+06 6.7755E-03 7.3000E+06 6.2065E-03 7.4000E+06 6.2065E-03 6452 3102
 7.4000E+06 5.6943E-03 7.5000E+06 5.6943E-03 7.5000E+06 5.2536E-03 6452 3102
 7.6000E+06 5.2536E-03 7.6000E+06 4.8653E-03 7.7000E+06 4.8653E-03 6452 3102
 7.7000E+06 4.5101E-03 7.8000E+06 4.5101E-03 7.8000E+06 4.1851E-03 6452 3102
 7.9000E+06 4.1851E-03 7.9000E+06 3.8878E-03 8.0000E+06 3.8878E-03 6452 3102
 8.0000E+06 3.6364E-03 8.1000E+06 3.6364E-03 8.1000E+06 3.4252E-03 6452 3102
 8.2000E+06 3.4252E-03 8.2000E+06 3.2293E-03 8.3000E+06 3.2293E-03 6452 3102
 8.3000E+06 3.0461E-03 8.4000E+06 3.0461E-03 8.4000E+06 2.8760E-03 6452 3102
 8.5000E+06 2.8760E-03 8.5000E+06 2.7394E-03 8.6000E+06 2.7394E-03 6452 3102
 8.6000E+06 2.6229E-03 8.7000E+06 2.6229E-03 8.7000E+06 2.5125E-03 6452 3102
 8.8000E+06 2.5125E-03 8.8000E+06 2.4079E-03 8.9000E+06 2.4079E-03 6452 3102
 8.9000E+06 2.3089E-03 9.0000E+06 2.3089E-03 9.0000E+06 2.2105E-03 6452 3102
 9.1000E+06 2.2105E-03 9.1000E+06 2.1111E-03 9.2000E+06 2.1111E-03 6452 3102
 9.2000E+06 2.0176E-03 9.3000E+06 2.0176E-03 9.3000E+06 1.9292E-03 6452 3102
 9.4000E+06 1.9292E-03 9.4000E+06 1.8456E-03 9.5000E+06 1.8456E-03 6452 3102
 9.5000E+06 1.7819E-03 9.6000E+06 1.7819E-03 9.6000E+06 1.7301E-03 6452 3102
 9.7000E+06 1.7301E-03 9.7000E+06 1.6806E-03 9.8000E+06 1.6806E-03 6452 3102
 9.8000E+06 1.6330E-03 9.9000E+06 1.6330E-03 9.9000E+06 1.5875E-03 6452 3102
 1.0000E+07 1.5875E-03 1.0000E+07 1.5423E-03 1.0100E+07 1.5423E-03 6452 3102
 1.0100E+07 1.4980E-03 1.0200E+07 1.4980E-03 1.0200E+07 1.4553E-03 6452 3102
 1.0300E+07 1.4553E-03 1.0300E+07 1.4145E-03 1.0400E+07 1.4145E-03 6452 3102
 1.0400E+07 1.3751E-03 1.0500E+07 1.3751E-03 1.0500E+07 1.3447E-03 6452 3102
 1.0600E+07 1.3447E-03 1.0600E+07 1.3197E-03 1.0700E+07 1.3197E-03 6452 3102
 1.0700E+07 1.2954E-03 1.0800E+07 1.2954E-03 1.0800E+07 1.2719E-03 6452 3102
 1.0900E+07 1.2719E-03 1.0900E+07 1.2492E-03 1.1000E+07 1.2492E-03 6452 3102
 1.1000E+07 1.2302E-03 1.1100E+07 1.2302E-03 1.1100E+07 1.2147E-03 6452 3102
 1.1200E+07 1.2147E-03 1.1200E+07 1.1993E-03 1.1300E+07 1.1993E-03 6452 3102
 1.1300E+07 1.1845E-03 1.1400E+07 1.1845E-03 1.1400E+07 1.1700E-03 6452 3102
 1.1500E+07 1.1700E-03 1.1500E+07 1.1557E-03 1.1600E+07 1.1557E-03 6452 3102
 1.1600E+07 1.1417E-03 1.1700E+07 1.1417E-03 1.1700E+07 1.1282E-03 6452 3102
 1.1800E+07 1.1282E-03 1.1800E+07 1.1146E-03 1.1900E+07 1.1146E-03 6452 3102
 1.1900E+07 1.1015E-03 1.2000E+07 1.1015E-03 1.2000E+07 1.0924E-03 6452 3102
 1.2100E+07 1.0924E-03 1.2100E+07 1.0867E-03 1.2200E+07 1.0867E-03 6452 3102
 1.2200E+07 1.0810E-03 1.2300E+07 1.0810E-03 1.2300E+07 1.0753E-03 6452 3102
 1.2400E+07 1.0753E-03 1.2400E+07 1.0698E-03 1.2500E+07 1.0698E-03 6452 3102
 1.2500E+07 1.0635E-03 1.2600E+07 1.0635E-03 1.2600E+07 1.0584E-03 6452 3102
 1.2700E+07 1.0584E-03 1.2700E+07 1.0532E-03 1.2800E+07 1.0532E-03 6452 3102
 1.2800E+07 1.0480E-03 1.2900E+07 1.0480E-03 1.2900E+07 1.0426E-03 6452 3102
 1.3000E+07 1.0426E-03 1.3000E+07 1.0397E-03 1.3100E+07 1.0397E-03 6452 3102
 1.3100E+07 1.0384E-03 1.3200E+07 1.0384E-03 1.3200E+07 1.0367E-03 6452 3102
 1.3300E+07 1.0367E-03 1.3300E+07 1.0351E-03 1.3400E+07 1.0351E-03 6452 3102
 1.3400E+07 1.0337E-03 1.3500E+07 1.0337E-03 1.3500E+07 1.0322E-03 6452 3102
 1.3600E+07 1.0322E-03 1.3600E+07 1.0308E-03 1.3700E+07 1.0308E-03 6452 3102
 1.3700E+07 1.0293E-03 1.3800E+07 1.0293E-03 1.3800E+07 1.0278E-03 6452 3102
 1.3900E+07 1.0278E-03 1.3900E+07 1.0264E-03 1.4000E+07 1.0264E-03 6452 3102
 1.4000E+07 1.0263E-03 1.4100E+07 1.0263E-03 1.4100E+07 1.0275E-03 6452 3102
 1.4200E+07 1.0275E-03 1.4200E+07 1.0286E-03 1.4300E+07 1.0286E-03 6452 3102
 1.4300E+07 1.0298E-03 1.4400E+07 1.0298E-03 1.4400E+07 1.0311E-03 6452 3102
 1.4500E+07 1.0311E-03 1.4500E+07 1.0323E-03 1.4600E+07 1.0323E-03 6452 3102
 1.4600E+07 1.0335E-03 1.4700E+07 1.0335E-03 1.4700E+07 1.0346E-03 6452 3102
 1.4800E+07 1.0346E-03 1.4800E+07 1.0358E-03 1.4900E+07 1.0358E-03 6452 3102
 1.4900E+07 1.0371E-03 1.5000E+07 1.0371E-03 1.5000E+07 1.0390E-03 6452 3102
 1.5100E+07 1.0390E-03 1.5100E+07 1.0420E-03 1.5200E+07 1.0420E-03 6452 3102
 1.5200E+07 1.0452E-03 1.5300E+07 1.0452E-03 1.5300E+07 1.0482E-03 6452 3102
 1.5400E+07 1.0482E-03 1.5400E+07 1.0510E-03 1.5500E+07 1.0510E-03 6452 3102
 1.5500E+07 1.0540E-03 1.5600E+07 1.0540E-03 1.5600E+07 1.0570E-03 6452 3102
 1.5700E+07 1.0570E-03 1.5700E+07 1.0602E-03 1.5800E+07 1.0602E-03 6452 3102
 1.5800E+07 1.0632E-03 1.5900E+07 1.0632E-03 1.5900E+07 1.0662E-03 6452 3102
 1.6000E+07 1.0662E-03 1.6000E+07 1.0700E-03 1.6100E+07 1.0700E-03 6452 3102
 1.6100E+07 1.0743E-03 1.6200E+07 1.0743E-03 1.6200E+07 1.0787E-03 6452 3102
 1.6300E+07 1.0787E-03 1.6300E+07 1.0831E-03 1.6400E+07 1.0831E-03 6452 3102
 1.6400E+07 1.0877E-03 1.6500E+07 1.0877E-03 1.6500E+07 1.0919E-03 6452 3102
 1.6600E+07 1.0919E-03 1.6600E+07 1.0963E-03 1.6700E+07 1.0963E-03 6452 3102
 1.6700E+07 1.1006E-03 1.6800E+07 1.1006E-03 1.6800E+07 1.1050E-03 6452 3102
 1.6900E+07 1.1050E-03 1.6900E+07 1.1095E-03 1.7000E+07 1.1095E-03 6452 3102
 1.7000E+07 1.1145E-03 1.7100E+07 1.1145E-03 1.7100E+07 1.1200E-03 6452 3102
 1.7200E+07 1.1200E-03 1.7200E+07 1.1253E-03 1.7300E+07 1.1253E-03 6452 3102
 1.7300E+07 1.1310E-03 1.7400E+07 1.1310E-03 1.7400E+07 1.1365E-03 6452 3102
 1.7500E+07 1.1365E-03 1.7500E+07 1.1418E-03 1.7600E+07 1.1418E-03 6452 3102
 1.7600E+07 1.1475E-03 1.7700E+07 1.1475E-03 1.7700E+07 1.1528E-03 6452 3102
 1.7800E+07 1.1528E-03 1.7800E+07 1.1585E-03 1.7900E+07 1.1585E-03 6452 3102
 1.7900E+07 1.1639E-03 1.8000E+07 1.1639E-03 1.8000E+07 1.1699E-03 6452 3102
 1.8100E+07 1.1699E-03 1.8100E+07 1.1762E-03 1.8200E+07 1.1762E-03 6452 3102
 1.8200E+07 1.1827E-03 1.8300E+07 1.1827E-03 1.8300E+07 1.1891E-03 6452 3102
 1.8400E+07 1.1891E-03 1.8400E+07 1.1956E-03 1.8500E+07 1.1956E-03 6452 3102
 1.8500E+07 1.2016E-03 1.8600E+07 1.2016E-03 1.8600E+07 1.2081E-03 6452 3102
 1.8700E+07 1.2081E-03 1.8700E+07 1.2144E-03 1.8800E+07 1.2144E-03 6452 3102
 1.8800E+07 1.2211E-03 1.8900E+07 1.2211E-03 1.8900E+07 1.2275E-03 6452 3102
 1.9000E+07 1.2275E-03 1.9000E+07 1.2349E-03 1.9100E+07 1.2349E-03 6452 3102
 1.9100E+07 1.2420E-03 1.9200E+07 1.2420E-03 1.9200E+07 1.2496E-03 6452 3102
 1.9300E+07 1.2496E-03 1.9300E+07 1.2566E-03 1.9400E+07 1.2566E-03 6452 3102
 1.9400E+07 1.2642E-03 1.9500E+07 1.2642E-03 1.9500E+07 1.2714E-03 6452 3102
 1.9600E+07 1.2714E-03 1.9600E+07 1.2790E-03 1.9700E+07 1.2790E-03 6452 3102
 1.9700E+07 1.2863E-03 1.9800E+07 1.2863E-03 1.9800E+07 1.2934E-03 6452 3102
 1.9900E+07 1.2934E-03 1.9900E+07 1.3010E-03 2.0000E+07 1.3010E-03 6452 3102
 2.0000E+07 0.0000E+00                                             6452 3102
                                                                   6452 3  0
